Applications Graphics Acceleration Info:
Uptime: 32498256 Realtime: 32498256

** Graphics info for pid 10821 [com.takahashirinta.ncrust] **

Stats since: 32468211675412ns
Total frames rendered: 1575
Janky frames: 230 (14.60%)
Janky frames (legacy): 1575 (100.00%)
50th percentile: 34ms
90th percentile: 48ms
95th percentile: 48ms
99th percentile: 48ms
Number Missed Vsync: 107
Number High input latency: 2690
Number Slow UI thread: 70
Number Slow bitmap uploads: 0
Number Slow issue draw commands: 230
Number Frame deadline missed: 230
Number Frame deadline missed (legacy): 230
HISTOGRAM: 5ms=0 6ms=0 7ms=0 8ms=0 9ms=0 10ms=0 11ms=0 12ms=0 13ms=0 14ms=0 15ms=0 16ms=0 17ms=0 18ms=0 19ms=1 20ms=5 21ms=6 22ms=8 23ms=10 24ms=12 25ms=18 26ms=17 27ms=35 28ms=36 29ms=47 30ms=76 31ms=101 32ms=362 34ms=287 36ms=121 38ms=35 40ms=14 42ms=17 44ms=55 46ms=124 48ms=178 53ms=3 57ms=2 61ms=4 65ms=1 69ms=0 73ms=0 77ms=0 81ms=0 85ms=0 89ms=0 93ms=0 97ms=0 101ms=0 105ms=0 109ms=0 113ms=0 117ms=0 121ms=0 125ms=0 129ms=0 133ms=0 150ms=0 200ms=0 250ms=0 300ms=0 350ms=0 400ms=0 450ms=0 500ms=0 550ms=0 600ms=0 650ms=0 700ms=0 750ms=0 800ms=0 850ms=0 900ms=0 950ms=0 1000ms=0 1050ms=0 1100ms=0 1150ms=0 1200ms=0 1250ms=0 1300ms=0 1350ms=0 1400ms=0 1450ms=0 1500ms=0 1550ms=0 1600ms=0 1650ms=0 1700ms=0 1750ms=0 1800ms=0 1850ms=0 1900ms=0 1950ms=0 2000ms=0 2050ms=0 2100ms=0 2150ms=0 2200ms=0 2250ms=0 2300ms=0 2350ms=0 2400ms=0 2450ms=0 2500ms=0 2550ms=0 2600ms=0 2650ms=0 2700ms=0 2750ms=0 2800ms=0 2850ms=0 2900ms=0 2950ms=0 3000ms=0 3050ms=0 3100ms=0 3150ms=0 3200ms=0 3250ms=0 3300ms=0 3350ms=0 3400ms=0 3450ms=0 3500ms=0 3550ms=0 3600ms=0 3650ms=0 3700ms=0 3750ms=0 3800ms=0 3850ms=0 3900ms=0 3950ms=0 4000ms=0 4050ms=0 4100ms=0 4150ms=0 4200ms=0 4250ms=0 4300ms=0 4350ms=0 4400ms=0 4450ms=0 4500ms=0 4550ms=0 4600ms=0 4650ms=0 4700ms=0 4750ms=0 4800ms=0 4850ms=0 4900ms=0 4950ms=0
50th gpu percentile: 23ms
90th gpu percentile: 4950ms
95th gpu percentile: 4950ms
99th gpu percentile: 4950ms
GPU HISTOGRAM: 1ms=0 2ms=0 3ms=0 4ms=0 5ms=0 6ms=0 7ms=0 8ms=0 9ms=0 10ms=0 11ms=0 12ms=0 13ms=47 14ms=41 15ms=77 16ms=112 17ms=133 18ms=82 19ms=90 20ms=82 21ms=57 22ms=57 23ms=100 24ms=111 25ms=91 4950ms=495

Pipeline=Skia (OpenGL)
CPU Caches:
  Glyph Cache: 657.47 KB (1 entry)
  Glyph Count: 90 
Total CPU memory usage:
  673252 bytes, 657.47 KB (0.00 bytes is purgeable)
GPU Caches:
  SW Path Mask:
    Texture: 89.58 KB (1 entry)
  Other:
    Other: 16.58 KB (1 entry)
    Buffer Object: 464.00 bytes (2 entries)
    StencilAttachment: 768.00 KB (2 entries)
  Image:
    Texture: 199.48 KB (71 entries)
  Scratch:
    RenderTarget: 960.00 KB (2 entries)
    Buffer Object: 142.00 KB (4 entries)
    Texture: 3.18 MB (15 entries)
Total GPU memory usage:
  5560394 bytes, 5.30 MB (2.40 MB is purgeable)

Profile data in ms:

	com.takahashirinta.ncrust/com.takahashirinta.ncrust.MainActivity/android.view.ViewRootImpl@46a002e (visibility=0)
Window: com.takahashirinta.ncrust/com.takahashirinta.ncrust.MainActivity
Stats since: 32468211675151ns
Total frames rendered: 1575
Janky frames: 230 (14.60%)
Janky frames (legacy): 1575 (100.00%)
50th percentile: 34ms
90th percentile: 48ms
95th percentile: 48ms
99th percentile: 48ms
Number Missed Vsync: 107
Number High input latency: 2690
Number Slow UI thread: 70
Number Slow bitmap uploads: 0
Number Slow issue draw commands: 230
Number Frame deadline missed: 230
Number Frame deadline missed (legacy): 230
HISTOGRAM: 5ms=0 6ms=0 7ms=0 8ms=0 9ms=0 10ms=0 11ms=0 12ms=0 13ms=0 14ms=0 15ms=0 16ms=0 17ms=0 18ms=0 19ms=1 20ms=5 21ms=6 22ms=8 23ms=10 24ms=12 25ms=18 26ms=17 27ms=35 28ms=36 29ms=47 30ms=76 31ms=101 32ms=362 34ms=287 36ms=121 38ms=35 40ms=14 42ms=17 44ms=55 46ms=124 48ms=178 53ms=3 57ms=2 61ms=4 65ms=1 69ms=0 73ms=0 77ms=0 81ms=0 85ms=0 89ms=0 93ms=0 97ms=0 101ms=0 105ms=0 109ms=0 113ms=0 117ms=0 121ms=0 125ms=0 129ms=0 133ms=0 150ms=0 200ms=0 250ms=0 300ms=0 350ms=0 400ms=0 450ms=0 500ms=0 550ms=0 600ms=0 650ms=0 700ms=0 750ms=0 800ms=0 850ms=0 900ms=0 950ms=0 1000ms=0 1050ms=0 1100ms=0 1150ms=0 1200ms=0 1250ms=0 1300ms=0 1350ms=0 1400ms=0 1450ms=0 1500ms=0 1550ms=0 1600ms=0 1650ms=0 1700ms=0 1750ms=0 1800ms=0 1850ms=0 1900ms=0 1950ms=0 2000ms=0 2050ms=0 2100ms=0 2150ms=0 2200ms=0 2250ms=0 2300ms=0 2350ms=0 2400ms=0 2450ms=0 2500ms=0 2550ms=0 2600ms=0 2650ms=0 2700ms=0 2750ms=0 2800ms=0 2850ms=0 2900ms=0 2950ms=0 3000ms=0 3050ms=0 3100ms=0 3150ms=0 3200ms=0 3250ms=0 3300ms=0 3350ms=0 3400ms=0 3450ms=0 3500ms=0 3550ms=0 3600ms=0 3650ms=0 3700ms=0 3750ms=0 3800ms=0 3850ms=0 3900ms=0 3950ms=0 4000ms=0 4050ms=0 4100ms=0 4150ms=0 4200ms=0 4250ms=0 4300ms=0 4350ms=0 4400ms=0 4450ms=0 4500ms=0 4550ms=0 4600ms=0 4650ms=0 4700ms=0 4750ms=0 4800ms=0 4850ms=0 4900ms=0 4950ms=0
50th gpu percentile: 23ms
90th gpu percentile: 4950ms
95th gpu percentile: 4950ms
99th gpu percentile: 4950ms
GPU HISTOGRAM: 1ms=0 2ms=0 3ms=0 4ms=0 5ms=0 6ms=0 7ms=0 8ms=0 9ms=0 10ms=0 11ms=0 12ms=0 13ms=47 14ms=41 15ms=77 16ms=112 17ms=133 18ms=82 19ms=90 20ms=82 21ms=57 22ms=57 23ms=100 24ms=111 25ms=91 4950ms=495



---PROFILEDATA---
Flags,FrameTimelineVsyncId,IntendedVsync,Vsync,InputEventId,HandleInputStart,AnimationStart,PerformTraversalsStart,DrawStart,FrameDeadline,FrameInterval,FrameStartTime,SyncQueued,SyncStart,IssueDrawCommandsStart,SwapBuffers,FrameCompleted,DequeueBufferDuration,QueueBufferDuration,GpuCompleted,SwapBuffersCompleted,DisplayPresentTime,CommandSubmissionCompleted,
0,70083,32496012127739,32496012127739,0,32496020382299,32496020382881,32496020883664,32496020908371,32496078794403,32496020380997,16666666,32496021320868,32496038300674,32496038411163,32496039603229,32496055713527,3256,186742,32496055668502,32496055713527,32496067524974,32496039603229,
0,70091,32496028794405,32496028794405,0,32496038756022,32496038756443,32496038888372,32496038915613,32496095461069,32496038754570,16666666,32496039201201,32496055810710,32496055922360,32496058009573,32496073309544,3406,181833,32496073264610,32496073309544,32496087219386,32496058009573,
0,70099,32496045461071,32496045461071,0,32496056370956,32496056371266,32496056695106,32496056733358,32496112127735,32496056369803,16666666,32496057336685,32496073413149,32496073520882,32496075453955,32496095800966,2876,177244,32496095800966,32496092997794,32496104777562,32496075453955,
0,70107,32496062127737,32496062127737,0,32496074207616,32496074208558,32496074341719,32496074380232,32496128794401,32496074206575,16666666,32496074777731,32496093066023,32496093165390,32496094345023,32496112639637,3266,169420,32496112639637,32496111032428,32496117928764,32496094345023,
0,70115,32496078794403,32496078794403,0,32496093438154,32496093438384,32496093559242,32496093587035,32496145461067,32496093436952,16666666,32496094047773,32496111094505,32496111198511,32496113121595,32496129414176,3306,230254,32496129370574,32496129414176,32496148958706,32496113121595,
0,70123,32496095461069,32496095461069,0,32496111416392,32496111416843,32496111556466,32496111585080,32496162127733,32496111414959,16666666,32496112571218,32496129477856,32496129637718,32496131635282,32496150776481,6121164,282402,32496144569024,32496150776481,32496170876777,32496131635282,
0,70131,32496112127735,32496128794401,0,32496130134824,32496130135075,32496130271863,32496130298653,32496178794399,32496130133462,16666666,32496130621521,32496150844439,32496150956019,32496152049720,32496178907450,5751328,318981,32496178907450,32496171133982,32496185793596,32496152049720,
0,70139,32496145461067,32496145461067,0,32496151297733,32496151298034,32496151442736,32496151471721,32496212127731,32496151296511,16666666,32496151789039,32496171199756,32496171301949,32496172304067,32496195963170,3787,188726,32496195963170,32496189084828,32496200582644,32496172304067,
0,70147,32496162127733,32496162127733,0,32496171588739,32496171589160,32496171728873,32496171757317,32496228794397,32496171587066,16666666,32496172136421,32496189161793,32496189541379,32496191776390,32496212697173,3827,201049,32496212697173,32496206427007,32496219411796,32496191776390,
0,70155,32496178794399,32496178794399,0,32496189844630,32496189844971,32496190047883,32496190087448,32496245461063,32496189843147,16666666,32496190571640,32496206494414,32496206606987,32496208954911,32496228916666,2425,141416,32496228916666,32496225008261,32496236988146,32496208954911,
0,70163,32496195461065,32496195461065,0,32496206884029,32496206884279,32496207035634,32496207062505,32496262127729,32496206882947,16666666,32496207392667,32496225056863,32496225146432,32496227343021,32496243574437,2445,172034,32496243539992,32496243574437,32496256365380,32496227343021,
0,70171,32496212127731,32496212127731,0,32496225398036,32496225398367,32496225532159,32496225563137,32496278794395,32496225396443,16666666,32496225880926,32496243641934,32496243739328,32496244892962,32496262228007,3036,215907,32496262082072,32496262228007,32496283449126,32496244892962,
0,70179,32496228794397,32496228794397,0,32496244063569,32496244063869,32496244207640,32496244235072,32496295461061,32496244062186,16666666,32496244644053,32496262290154,32496262389922,32496263409985,32496281573331,4700177,166814,32496279004000,32496281573331,32496301627150,32496263409985,
0,70187,32496245461063,32496262127729,0,32496262666995,32496262667325,32496262811206,32496262837165,32496312127727,32496262665522,16666666,32496263207734,32496281630599,32496281725518,32496284063343,32496312552878,4896256,229492,32496312552878,32496301402567,32496320309665,32496284063343,
0,70195,32496278794395,32496278794395,0,32496283758228,32496283758479,32496283929281,32496283968485,32496345461059,32496283756535,16666666,32496284349933,32496301454675,32496301542881,32496302867447,32496328882299,4551016,199015,32496328882299,32496320101092,32496331355429,32496302867447,
0,70203,32496295461061,32496295461061,0,32496301749160,32496301749380,32496301883583,32496301910113,32496362127725,32496301747808,16666666,32496302349972,32496320182185,32496320296069,32496321891376,32496337643248,2435,180230,32496337437370,32496337643248,32496349557850,32496321891376,
0,70211,32496312127727,32496312127727,0,32496320627484,32496320627955,32496320815338,32496320865372,32496378794391,32496320625570,16666666,32496321369372,32496337715214,32496337834869,32496339297615,32496362348221,3105,163688,32496362348221,32496354224413,32496364772500,32496339297615,
0,70219,32496328794393,32496328794393,0,32496338256994,32496338257385,32496338412948,32496338451301,32496395461057,32496338255121,16666666,32496338776363,32496354288965,32496354387791,32496355867850,32496378927934,3907,164009,32496378927934,32496373282987,32496382737302,32496355867850,
0,70227,32496345461059,32496345461059,0,32496356452191,32496356452472,32496356619396,32496356646357,32496412127723,32496356450738,16666666,32496357009161,32496373352488,32496373454911,32496375048203,32496397791219,2835,177565,32496397791219,32496390578989,32496400604330,32496375048203,
0,70235,32496362127725,32496362127725,0,32496373794671,32496373795142,32496373987795,32496374029393,32496428794389,32496373792657,16666666,32496374387909,32496390846363,32496390955248,32496392386695,32496412278759,4168,213211,32496412278759,32496408758115,32496422236774,32496392386695,
0,70243,32496378794391,32496378794391,0,32496391286632,32496391287123,32496391467012,32496391498772,32496445461055,32496391284037,16666666,32496391839684,32496408851431,32496409014939,32496410858293,32496427458283,2785,172725,32496427420292,32496427458283,32496434388582,32496410858293,
0,70251,32496395461057,32496395461057,0,32496410593774,32496410594776,32496410742805,32496410769966,32496462127721,32496410592592,16666666,32496411123021,32496427518757,32496427623835,32496429931053,32496460492692,2495,140585,32496460492692,32496445824402,32496464185241,32496429931053,
0,70259,32496412127723,32496412127723,0,32496427867915,32496427868186,32496428032124,32496428059476,32496478794387,32496427866763,16666666,32496428414225,32496445890015,32496446004872,32496447830161,32496464418841,3869652,155894,32496462222051,32496464418841,32496483341518,32496447830161,
0,70267,32496428794389,32496445461055,0,32496446358829,32496446359220,32496446500846,32496446530663,32496495461053,32496446356915,16666666,32496446845977,32496464473504,32496464582740,32496466589521,32496495553640,4914230,168738,32496495553640,32496485467504,32496501196674,32496466589521,
0,70275,32496462127721,32496462127721,0,32496464844212,32496464844423,32496464994696,32496465024612,32496528794385,32496464842329,16666666,32496465337331,32496485534050,32496485634790,32496487196152,32496512262596,933299,307089,32496512262596,32496501373728,32496517157490,32496487196152,
0,70283,32496478794387,32496478794387,0,32496487254181,32496487254652,32496487421767,32496487459177,32496545461051,32496487252859,16666666,32496487840736,32496501435564,32496501532076,32496503273838,32496528994245,3146,153058,32496528994245,32496519504643,32496533178690,32496503273838,
0,70291,32496495461053,32496495461053,0,32496502081341,32496502081561,32496502221926,32496502248877,32496562127717,32496502080008,16666666,32496502603345,32496519563424,32496519646390,32496520592232,32496545798721,3066,163287,32496545798721,32496536756632,32496548496885,32496520592232,
0,70299,32496512127719,32496512127719,0,32496519917942,32496519918242,32496520094515,32496520121886,32496578794383,32496519916669,16666666,32496520444845,32496536830381,32496536930480,32496538982026,32496563183711,2996,363755,32496563183711,32496556349432,32496569317429,32496538982026,
0,70307,32496528794385,32496528794385,0,32496537391929,32496537392480,32496538040351,32496538065088,32496595461049,32496537390276,16666666,32496538835289,32496556425866,32496556548277,32496558773751,32496575521880,3476,398000,32496575480332,32496575521880,32496587412908,32496558773751,
0,70315,32496545461051,32496545461051,0,32496556837332,32496556837592,32496557871040,32496557900515,32496612127715,32496556836310,16666666,32496558248281,32496575589308,32496575687533,32496577278100,32496594210286,3276,159811,32496594168838,32496594210286,32496597848923,32496577278100,
0,70323,32496562127717,32496562127717,0,32496575928447,32496575928667,32496576106883,32496576136148,32496628794381,32496575927324,16666666,32496576429250,32496594293924,32496594601494,32496596167064,32496613402502,2665,148880,32496613364119,32496613402502,32496633348668,32496596167064,
0,70331,32496578794383,32496595461049,0,32496598169958,32496598170178,32496598319029,32496598347743,32496645461047,32496598167323,16666666,32496598681532,32496613469157,32496613571831,32496615424903,32496632787490,4370716,135886,32496630119934,32496632787490,32496652739988,32496615424903,
0,70339,32496612127715,32496612127715,0,32496614062766,32496614063067,32496614204663,32496614231103,32496662127713,32496614061313,16666666,32496614522733,32496632853775,32496632973130,32496635167495,32496662227146,4841874,162346,32496662227146,32496653254217,32496668818546,32496635167495,
0,70347,32496628794381,32496628794381,0,32496633643393,32496633644315,32496633823362,32496633851445,32496695461045,32496633641209,16666666,32496634432079,32496653328387,32496653438154,32496654789009,32496670995348,4648,455879,32496670864552,32496670995348,32496682070348,32496654789009,
0,70355,32496645461047,32496645461047,0,32496654099751,32496654100091,32496654332599,32496654367185,32496712127711,32496654097817,16666666,32496654764914,32496671147695,32496671291166,32496673007300,32496687895144,3477,201670,32496687847905,32496687895144,32496707826973,32496673007300,
0,70363,32496662127713,32496662127713,0,32496672493421,32496672493782,32496672655747,32496672686074,32496728794377,32496672492179,16666666,32496673063495,32496687972059,32496688105520,32496689973791,32496713161565,2669861,502708,32496713161565,32496708046737,32496721694504,32496689973791,
0,70371,32496678794379,32496678794379,0,32496688349440,32496688349750,32496688484404,32496688511155,32496745461043,32496688347496,16666666,32496688823824,32496708099406,32496708187803,32496708935832,32496724618444,2996,160151,32496724576565,32496724618444,32496739605115,32496708935832,
0,70379,32496695461045,32496695461045,0,32496708370788,32496708371018,32496708475385,32496708506053,32496762127709,32496708369666,16666666,32496708816147,32496724688176,32496724794887,32496725982234,32496743221229,3106,171744,32496743172437,32496743221229,32496755862209,32496725982234,
0,70387,32496712127711,32496712127711,0,32496725091816,32496725092077,32496725241949,32496725271295,32496778794375,32496725089883,16666666,32496725714710,32496743293004,32496743404013,32496744972810,32496763436562,2936,123352,32496763436562,32496761594721,32496772207290,32496744972810,
0,70395,32496728794377,32496728794377,0,32496743723265,32496743723475,32496743858710,32496743887615,32496795461041,32496743721211,16666666,32496744235821,32496761652831,32496761747539,32496763713965,32496795567860,2735,152247,32496795567860,32496781349166,32496801416951,32496763713965,
0,70403,32496745461043,32496745461043,0,32496762088031,32496762088552,32496762277218,32496762304339,32496828794373,32496762086288,16666666,32496762752744,32496781416333,32496781518515,32496782616925,32496812228154,5603619,126829,32496812228154,32496801561434,32496822175258,32496782616925,
0,70411,32496778794375,32496778794375,0,32496781789486,32496781789837,32496781916265,32496781943366,32496845461039,32496781788314,16666666,32496782662551,32496801620856,32496801711396,32496802732400,32496828911121,6840520,222609,32496828911121,32496822374874,32496834706351,32496802732400,
0,70419,32496795461041,32496795461041,0,32496801924438,32496801924648,32496802078428,32496802137319,32496862127705,32496801923466,16666666,32496802446932,32496822424758,32496822503927,32496823462534,32496839784881,12063,161644,32496839677909,32496839784881,32496851521888,32496823462534,
0,70427,32496812127707,32496812127707,0,32496822688174,32496822688375,32496822813330,32496822837315,32496878794371,32496822687052,16666666,32496823170173,32496839864752,32496839995368,32496840996043,32496862568825,3045,268736,32496862568825,32496858535825,32496868241043,32496840996043,
0,70435,32496828794373,32496828794373,0,32496840282308,32496840282509,32496840452669,32496840477967,32496895461037,32496840281066,16666666,32496840785146,32496859815176,32496859917579,32496860710443,32496892505296,2415,162917,32496892505296,32496877702021,32496899441667,32496860710443,
0,70443,32496845461039,32496845461039,0,32496860302013,32496860302494,32496860433871,32496860456745,32496912127703,32496860301091,16666666,32496860686487,32496877769458,32496877863716,32496880056137,32496897530155,4963944,143621,32496895554542,32496897530155,32496917596437,32496880056137,
0,70451,32496862127705,32496862127705,0,32496878203486,32496878204077,32496878403753,32496878432969,32496928794369,32496878202023,16666666,32496878752611,32496897592152,32496897688543,32496900461599,32496928886302,4229651,166313,32496928886302,32496917865765,32496934095748,32496900461599,
0,70459,32496895461037,32496895461037,0,32496899250857,32496899251078,32496899411340,32496899438621,32496962127701,32496899249815,16666666,32496899702128,32496917923143,32496918024864,32496918973412,32496945586060,237348,356672,32496945586060,32496934326793,32496951021723,32496918973412,
0,70467,32496912127703,32496912127703,0,32496918256140,32496918256541,32496918386556,32496918411844,32496978794367,32496918254718,16666666,32496918704806,32496934389932,32496934485723,32496938331911,32496962306618,3436,178446,32496962306618,32496953671206,32496974015161,32496938331911,
0,70475,32496928794369,32496928794369,0,32496936984852,32496936985123,32496937180671,32496937212501,32496995461033,32496936983600,16666666,32496937616172,32496953744654,32496953845504,32496955539436,32496978930814,920024,444408,32496978930814,32496974187486,32496984696609,32496955539436,
0,70483,32496945461035,32496945461035,0,32496954166008,32496954166329,32496954327102,32496954364943,32497012127699,32496954164485,16666666,32496954694323,32496974241307,32496974324143,32496975038149,32496991029893,2805,150924,32496990986972,32496991029893,32497006660617,32496975038149,
0,70491,32496962127701,32496962127701,0,32496974554447,32496974554668,32496974739125,32496974778680,32497028794365,32496974553155,16666666,32496975047517,32496991091449,32496991264806,32496993237944,32497012273043,3296,158850,32497012273043,32497010220616,32497023338355,32496993237944,
0,70499,32496978794367,32496978794367,0,32496991642648,32496991642979,32496992121761,32496992146417,32497045461031,32496991640243,16666666,32496992591065,32497010279757,32497010383733,32497011352118,32497029190242,3026,165161,32497029145918,32497029190242,32497047482772,32497011352118,
0,70507,32496995461033,32496995461033,0,32497010627432,32497010628054,32497010783186,32497010811800,32497062127697,32497010625439,16666666,32497011215601,32497029259853,32497029369600,32497031266184,32497047764002,4586032,155713,32497045584254,32497047764002,32497067661586,32497031266184,
0,70515,32497012127699,32497028794365,0,32497030163125,32497030163646,32497030290575,32497030315101,32497078794363,32497030161722,16666666,32497030616048,32497047824165,32497047926177,32497050036374,32497078930982,5151337,125096,32497078930982,32497067914062,32497087583226,32497050036374,
0,70523,32497045461031,32497045461031,0,32497048715815,32497048716146,32497049364838,32497049395376,32497112127695,32497048713501,16666666,32497049840094,32497067980527,32497068093841,32497069078516,32497095546462,4736736,917509,32497095546462,32497087430799,32497098839367,32497069078516,
0,70531,32497062127697,32497062127697,0,32497068372756,32497068373067,32497068533108,32497068561562,32497128794361,32497068371243,16666666,32497068889390,32497087483328,32497087621368,32497088536953,32497112578156,3447,161885,32497112578156,32497104613287,32497115761715,32497088536953,
0,70539,32497078794363,32497078794363,0,32497087914821,32497087915242,32497088072127,32497088096012,32497145461027,32497087913278,16666666,32497088398602,32497104673160,32497104769702,32497106817491,32497129019087,3016,203293,32497129019087,32497122685071,32497136660336,32497106817491,
0,70547,32497095461029,32497095461029,0,32497105216013,32497105216213,32497105340447,32497105366376,32497162127693,32497105214700,16666666,32497105650421,32497122761555,32497122866252,32497125340304,32497145566568,3015,223371,32497145566568,32497140789577,32497153066802,32497125340304,
0,70555,32497112127695,32497112127695,0,32497123576270,32497123576671,32497123723658,32497123752482,32497178794359,32497123574106,16666666,32497124217529,32497140857224,32497141022425,32497142897669,32497158367660,2294,240834,32497158333546,32497158367660,32497169105805,32497142897669,
0,70563,32497128794361,32497128794361,0,32497141596427,32497141596668,32497141728526,32497141753022,32497195461025,32497141595135,16666666,32497142067034,32497158418937,32497158515238,32497160329638,32497178913557,3146,158919,32497178913557,32497176354685,32497182916369,32497160329638,
0,70571,32497145461027,32497145461027,0,32497158745212,32497158745472,32497158874796,32497158905674,32497212127691,32497158743619,16666666,32497159256956,32497176426310,32497176526949,32497178507862,32497195533034,3106,165873,32497195533034,32497194976134,32497201888560,32497178507862,
0,70579,32497162127693,32497162127693,0,32497176799984,32497176800375,32497177230345,32497177257446,32497228794357,32497176798210,16666666,32497177580044,32497195043211,32497195141967,32497201304179,32497215048027,2805,300186,32497215007471,32497215048027,32497233506530,32497201304179,
0,70587,32497178794359,32497178794359,0,32497195402237,32497195402608,32497195549896,32497195582056,32497245461023,32497195399973,16666666,32497195923259,32497215117899,32497215220763,32497216577029,32497246096985,5142720,125085,32497246096985,32497234848549,32497252269437,32497216577029,
0,70595,32497212127691,32497212127691,0,32497215505349,32497215505570,32497215762093,32497215788553,32497278794355,32497215504047,16666666,32497216138362,32497234913441,32497235008711,32497235904288,32497262357326,3929374,197101,32497262357326,32497252615108,32497266094969,32497235904288,
0,70603,32497228794357,32497228794357,0,32497235308075,32497235308366,32497235473206,32497235500247,32497295461021,32497235306712,16666666,32497235916822,32497252679419,32497252772374,32497254552048,32497279737587,2665,202000,32497279737587,32497270824862,32497284807410,32497254552048,
0,70611,32497245461023,32497245461023,0,32497253071057,32497253071478,32497253320547,32497253347067,32497312127687,32497253068582,16666666,32497253753423,32497270906546,32497271181444,32497273279357,32497295769166,2425,163498,32497295769166,32497289110759,32497308486851,32497273279357,
0,70619,32497262127689,32497262127689,0,32497271602868,32497271603219,32497271744635,32497271776315,32497328794353,32497271601766,16666666,32497272588595,32497289178196,32497289278516,32497291215005,32497314463363,870520,281971,32497314463363,32497307658991,32497320843215,32497291215005,
0,70627,32497278794355,32497278794355,0,32497290923966,32497290924277,32497291206118,32497291233359,32497345461019,32497290922794,16666666,32497291578740,32497307722381,32497307817450,32497309111358,32497324497391,3336,201880,32497324450142,32497324497391,32497335051118,32497309111358,
0,70635,32497295461021,32497295461021,0,32497308097738,32497308097948,32497308244575,32497308271355,32497362127685,32497308096105,16666666,32497308606587,32497324572202,32497324682991,32497326576299,32497345587483,2735,180159,32497345587483,32497342539880,32497355867093,32497326576299,
0,70643,32497312127687,32497312127687,0,32497325207209,32497325207509,32497325354306,32497325380395,32497378794351,32497325205796,16666666,32497325691431,32497342599572,32497342692988,32497344373756,32497362854220,2625,172044,32497362854220,32497361060159,32497368223227,32497344373756,
0,70651,32497328794353,32497328794353,0,32497344281081,32497344281742,32497344511395,32497344565697,32497395461017,32497344278336,16666666,32497344974508,32497361125903,32497361231923,32497363241520,32497394901499,3056,158118,32497394901499,32497379227413,32497399835757,32497363241520,
0,70659,32497345461019,32497345461019,0,32497361820822,32497361821043,32497361950898,32497361990081,32497412127683,32497361819630,16666666,32497362543835,32497379295371,32497379401671,32497380897139,32497400522651,5543306,155002,32497394912780,32497400522651,32497419993552,32497380897139,
0,70667,32497378794351,32497378794351,0,32497379690686,32497379691247,32497379836280,32497379864614,32497428794349,32497379689614,16666666,32497380202100,32497400585620,32497400688404,32497401977893,32497429308364,3297533,251364,32497429308364,32497418954684,32497431369027,32497401977893,
0,70675,32497395461017,32497395461017,0,32497401275199,32497401275410,32497401415504,32497401442495,32497462127681,32497401274047,16666666,32497401844272,32497419016100,32497419134733,32497420124378,32497446734492,2886,350360,32497446734492,32497438119187,32497453750032,32497420124378,
0,70683,32497412127683,32497412127683,0,32497420048415,32497420048766,32497420189601,32497420220038,32497478794347,32497420046942,16666666,32497420618780,32497438196904,32497438318733,32497440525482,32497462799484,3427,185981,32497462799484,32497457549060,32497470690444,32497440525482,
0,70691,32497428794349,32497428794349,0,32497438751639,32497438752020,32497438891793,32497438923222,32497495461013,32497438750547,16666666,32497439291025,32497457625324,32497457732486,32497458849962,32497475364301,2745,258568,32497475325438,32497475364301,32497486495727,32497458849962,
0,70699,32497445461015,32497445461015,0,32497458168658,32497458168999,32497458312218,32497458341323,32497512127679,32497458167265,16666666,32497458761415,32497475427570,32497475553467,32497477553065,32497510823139,3707,174739,32497510823139,32497495044466,32497516777258,32497477553065,
0,70707,32497462127681,32497462127681,0,32497475943973,32497475944264,32497477332590,32497477364360,32497528794345,32497475942430,16666666,32497477730129,32497495112093,32497495207443,32497497078949,32497517370867,6483457,163488,32497516775816,32497517370867,32497538123934,32497497078949,
0,70715,32497478794347,32497495461013,0,32497495563143,32497495563424,32497495699700,32497495726351,32497545461011,32497495560658,16666666,32497496112899,32497517442041,32497517522793,32497518339853,32497545697064,1881476,176112,32497545697064,32497538337236,32497553954484,32497518339853,
0,70722,32497495461013,32497512127679,0,32497517782593,32497517783374,32497517920653,32497517976508,32497578794343,32497517780719,16666666,32497518296561,32497538394393,32497538471849,32497539190373,32497562725312,3377,132570,32497562725312,32497555303366,32497568238451,32497539190373,
0,70731,32497528794345,32497528794345,0,32497538690020,32497538690431,32497538803935,32497538829954,32497595461009,32497538688838,16666666,32497539098550,32497555367056,32497555458859,32497557722795,32497579813853,2635,154591,32497579813853,32497574664089,32497586287362,32497557722795,
0,70739,32497545461011,32497545461011,0,32497556557549,32497556557760,32497556685501,32497556714776,32497612127675,32497556556387,16666666,32497557086797,32497574729322,32497574826345,32497576842334,32497595564433,2786,139563,32497595564433,32497593854010,32497600104288,32497576842334,
0,70747,32497562127677,32497562127677,0,32497575804318,32497575804608,32497576553559,32497576581732,32497628794341,32497575802915,16666666,32497577493481,32497593919834,32497594029410,32497595859960,32497628460441,2465,118143,32497628460441,32497613382279,32497633736333,32497595859960,
0,70755,32497578794343,32497578794343,0,32497595418027,32497595418298,32497599670991,32497599698643,32497645461007,32497595416875,16666666,32497600132661,32497613433615,32497613533233,32497615589137,32497634195158,5665947,244561,32497630252057,32497634195158,32497654055352,32497615589137,
0,70763,32497595461009,32497612127675,0,32497615085248,32497615085668,32497615249958,32497615280806,32497662127673,32497615083144,16666666,32497615601100,32497634246274,32497634340742,32497635456565,32497662638646,5611304,180199,32497662638646,32497654369444,32497664867225,32497635456565,
0,70771,32497628794341,32497628794341,0,32497635164795,32497635165035,32497635302945,32497635330517,32497695461005,32497635163402,16666666,32497635668785,32497654419468,32497654515218,32497655838843,32497671705612,2845,176593,32497671661849,32497671705612,32497682637792,32497655838843,
0,70779,32497645461007,32497645461007,0,32497654734522,32497654734782,32497654900865,32497654927185,32497712127671,32497654733630,16666666,32497655221289,32497671798677,32497671896100,32497673928560,32497695703663,2845,176633,32497695703663,32497689904134,32497703389356,32497673928560,
0,70787,32497662127673,32497662127673,0,32497673103456,32497673103666,32497673259560,32497673287733,32497728794337,32497673101632,16666666,32497673648443,32497689993373,32497690108209,32497692330477,32497712273757,2966,139784,32497712273757,32497709170059,32497718837566,32497692330477,
0,70795,32497678794339,32497678794339,0,32497690429344,32497690429564,32497690570901,32497690598753,32497745461003,32497690427531,16666666,32497690964913,32497709229921,32497709326724,32497711382317,32497742834695,3196,358746,32497742834695,32497727699515,32497747272167,32497711382317,
0,70803,32497695461005,32497695461005,0,32497710281613,32497710282034,32497710487040,32497710512829,32497762127669,32497710279299,16666666,32497710851377,32497727769978,32497727882209,32497730342225,32497747535453,4628271,159660,32497745614974,32497747535453,32497769375969,32497730342225,
0,70811,32497712127671,32497728794337,0,32497729341820,32497729342271,32497729449342,32497729469971,32497778794335,32497729339946,16666666,32497729736403,32497747602620,32497747708229,32497750420410,32497778920314,6529564,266823,32497778920314,32497769664703,32497787856483,32497750420410,
0,70818,32497728794337,32497745461003,0,32497747842963,32497747843173,32497748130324,32497748154841,32497812127667,32497747841420,16666666,32497748461548,32497769715669,32497769801541,32497770679145,32497796036427,386418,238379,32497796036427,32497787605851,32497798179015,32497770679145,
0,70827,32497762127669,32497762127669,0,32497770027697,32497770027978,32497770154226,32497770183871,32497828794333,32497770026044,16666666,32497770469279,32497787665844,32497787755693,32497789106168,32497812546378,3357,175762,32497812546378,32497805486084,32497817896560,32497789106168,
0,70835,32497778794335,32497778794335,0,32497788048485,32497788048896,32497788163382,32497788194210,32497845460999,32497788047143,16666666,32497788500918,32497805558871,32497805662577,32497808213123,32497829192416,4999,213552,32497829192416,32497823375204,32497835195287,32497808213123,
0,70843,32497795461001,32497795461001,0,32497806274460,32497806274710,32497806400828,32497806426827,32497862127665,32497806272877,16666666,32497806738003,32497823460204,32497823565893,32497825085026,32497845555269,2475,139663,32497845555269,32497843042905,32497856388674,32497825085026,
0,70851,32497812127667,32497812127667,0,32497824102514,32497824102795,32497824230946,32497824260482,32497878794331,32497824100951,16666666,32497824602296,32497843109721,32497843209810,32497845306360,32497876926204,2705,303242,32497876926204,32497861923684,32497882668915,32497845306360,
0,70859,32497828794333,32497828794333,0,32497843460292,32497843460542,32497843607329,32497843636945,32497895460997,32497843459210,16666666,32497843936379,32497862007321,32497862105837,32497863422779,32497883752668,6739129,157717,32497879005612,32497883752668,32497902180673,32497863422779,
0,70867,32497845460999,32497862127665,0,32497862406193,32497862406544,32497862592875,32497862619485,32497912127663,32497862404289,16666666,32497862899883,32497883824152,32497883913681,32497884787648,32497912271748,4565543,208463,32497912271748,32497902454930,32497914315730,32497884787648,
0,70875,32497878794331,32497878794331,0,32497884144957,32497884145227,32497884286964,32497884311360,32497945460995,32497884143574,16666666,32497884616566,32497902525964,32497902618989,32497903552608,32497930225690,3587,320053,32497930225690,32497920714267,32497932855336,32497903552608,
0,70883,32497895460997,32497895460997,0,32497902851697,32497902852188,32497903040694,32497903067745,32497962127661,32497902849583,16666666,32497903407395,32497920800059,32497920921387,32497923063264,32497945723233,2966,149201,32497945723233,32497940953626,32497955171528,32497923063264,
0,70891,32497912127663,32497912127663,0,32497922207631,32497922207962,32497922345531,32497922372462,32497978794327,32497922206259,16666666,32497922688768,32497941032665,32497941139706,32497943201732,32497962260105,2625,166334,32497962260105,32497959843942,32497967444164,32497943201732,
0,70899,32497928794329,32497928794329,0,32497941855395,32497941856176,32497942017611,32497942047767,32497995460993,32497941854163,16666666,32497942377799,32497959906039,32497960093142,32497961857416,32497980247761,3316,161384,32497980247761,32497978700765,32497988427374,32497961857416,
0,70907,32497945460995,32497945460995,0,32497960512462,32497960513053,32497960666432,32497960696990,32498012127659,32497960510248,16666666,32497961029546,32497978791016,32497978964713,32497980516577,32497998223524,3236,156324,32497998184200,32497998223524,32498017890313,32497980516577,
0,70915,32497962127661,32497978794327,0,32497979612834,32497979613175,32497979800768,32497979826066,32498028794325,32497979610600,16666666,32497980478826,32497998287404,32497998388054,32498000187485,32498028889851,5485747,143280,32498028889851,32498018237337,32498037515585,32498000187485,
0,70923,32497995460993,32497995460993,0,32497998657491,32497998657712,32497998785563,32497998813666,32498062127657,32497998656199,16666666,32497999127697,32498018319722,32498018409922,32498019470250,32498045809233,5130578,339349,32498045809233,32498037964551,32498049131253,32498019470250,
0,70931,32498012127659,32498012127659,0,32498018642851,32498018643092,32498019022276,32498019047364,32498078794323,32498018641559,16666666,32498019347078,32498038072835,32498038183002,32498039144845,32498063154358,2945,271332,32498063154358,32498054745292,32498069268840,32498039144845,
0,70939,32498028794325,32498028794325,0,32498038631167,32498038631568,32498038762725,32498038790567,32498095460989,32498038629373,16666666,32498039087136,32498054811096,32498054904432,32498057467832,32498072810003,3547,167225,32498072769616,32498072810003,32498089368445,32498057467832,
0,70947,32498045460991,32498045460991,0,32498055652521,32498055653383,32498055847158,32498055878627,32498112127655,32498055651169,16666666,32498056271678,32498072886196,32498073194868,32498075639625,32498091381789,2735,260030,32498091338517,32498091381789,32498104362539,32498075639625,
0,70955,32498062127657,32498062127657,0,32498074805012,32498074805443,32498074933123,32498074959222,32498128794321,32498074803770,16666666,32498075278274,32498091444727,32498091546199,32498093185548,32498112221408,3587,170912,32498112221408,32498110193337,32498122564489,32498093185548,
0,70963,32498078794323,32498078794323,0,32498092404346,32498092404606,32498093262683,32498093294132,32498145460987,32498092402753,16666666,32498093811046,32498110264671,32498110379337,32498111786369,32498129119661,4699,179237,32498129119661,32498127701248,32498131643797,32498111786369,
0,70971,32498095460989,32498095460989,0,32498111056664,32498111056954,32498111202368,32498111228507,32498162127653,32498111055411,16666666,32498111518354,32498127775879,32498127921704,32498132778436,32498160960341,7003,156966,32498160960341,32498146849851,32498165548386,32498132778436,
0,70979,32498112127655,32498128794321,0,32498129268241,32498129268892,32498129425938,32498129452228,32498178794319,32498129265306,16666666,32498129811114,32498146953517,32498147068293,32498148870930,32498166573949,5532084,149212,32498162673419,32498166573949,32498183158230,32498148870930,
0,70987,32498145460987,32498145460987,0,32498147312994,32498147313215,32498147441106,32498147468337,32498195460985,32498147311842,16666666,32498147767961,32498166636898,32498166729312,32498167547934,32498195549891,3285170,166794,32498195549891,32498183927940,32498199688078,32498167547934,
0,70995,32498162127653,32498162127653,0,32498166951420,32498166951961,32498167170814,32498167202804,32498228794317,32498166950298,16666666,32498167539288,32498183976011,32498184102830,32498186246660,32498204444511,8776,194256,32498204383667,32498204444511,32498216993749,32498186246660,
0,71003,32498178794319,32498178794319,0,32498185346624,32498185347085,32498185511414,32498185537403,32498245460983,32498185344129,16666666,32498185865812,32498204502190,32498204593181,32498205690720,32498228951291,3136,160873,32498228951291,32498221867843,32498244159539,32498205690720,
0,71011,32498195460985,32498195460985,0,32498204816542,32498204816913,32498204943862,32498204970302,32498262127649,32498204815330,16666666,32498205324620,32498221935501,32498222224926,32498225272519,32498245557684,4640675,182163,32498245557684,32498244377400,32496000548134,32498225272519,
0,71019,32498212127651,32498212127651,0,32498222814107,32498222814527,32498222946716,32498222973868,32498278794315,32498222812934,16666666,32498223307106,32498244446911,32498244668158,32498245469428,32498276864317,3246,165842,32498276864317,32498261445102,32496019502662,32498245469428,
0,71027,32498228794317,32498228794317,0,32498244971329,32498244971710,32498245124838,32498245149314,32498295460981,32498244969776,16666666,32498245410777,32498261532416,32498261634368,32498264287348,32498281593268,4663087,163338,32498276877713,32498281593268,32496038056354,32498264287348,
0,71035,32498245460983,32498245460983,0,32498261947438,32498261947689,32498262869786,32498262921133,32498262127649,32498261946256,16666666,32498263574805,32498281656578,32498281752348,32498283209414,32496045906116,5162408,251665,32496045906116,32498301899273,32496050714256,32498283209414,
---PROFILEDATA---


View hierarchy:

  com.takahashirinta.ncrust/com.takahashirinta.ncrust.MainActivity/android.view.ViewRootImpl@46a002e
  7 views, 11.90 kB of render nodes


Total ViewRootImpl   : 1
Total attached Views : 7
Total RenderNode     : 11.90 kB (used) / 35.97 kB (capacity)

