Applications Graphics Acceleration Info:
Uptime: 32558559 Realtime: 32558559

** Graphics info for pid 10821 [com.takahashirinta.ncrust] **

Stats since: 32528506110398ns
Total frames rendered: 1525
Janky frames: 276 (18.10%)
Janky frames (legacy): 1525 (100.00%)
50th percentile: 34ms
90th percentile: 48ms
95th percentile: 48ms
99th percentile: 53ms
Number Missed Vsync: 116
Number High input latency: 2498
Number Slow UI thread: 133
Number Slow bitmap uploads: 0
Number Slow issue draw commands: 276
Number Frame deadline missed: 276
Number Frame deadline missed (legacy): 276
HISTOGRAM: 5ms=0 6ms=0 7ms=0 8ms=0 9ms=0 10ms=0 11ms=0 12ms=0 13ms=0 14ms=0 15ms=0 16ms=0 17ms=0 18ms=0 19ms=3 20ms=1 21ms=5 22ms=5 23ms=9 24ms=11 25ms=12 26ms=17 27ms=29 28ms=39 29ms=52 30ms=88 31ms=129 32ms=276 34ms=195 36ms=96 38ms=37 40ms=20 42ms=16 44ms=52 46ms=165 48ms=248 53ms=8 57ms=6 61ms=6 65ms=0 69ms=0 73ms=0 77ms=0 81ms=0 85ms=0 89ms=0 93ms=0 97ms=0 101ms=0 105ms=0 109ms=0 113ms=0 117ms=0 121ms=0 125ms=0 129ms=0 133ms=0 150ms=0 200ms=0 250ms=0 300ms=0 350ms=0 400ms=0 450ms=0 500ms=0 550ms=0 600ms=0 650ms=0 700ms=0 750ms=0 800ms=0 850ms=0 900ms=0 950ms=0 1000ms=0 1050ms=0 1100ms=0 1150ms=0 1200ms=0 1250ms=0 1300ms=0 1350ms=0 1400ms=0 1450ms=0 1500ms=0 1550ms=0 1600ms=0 1650ms=0 1700ms=0 1750ms=0 1800ms=0 1850ms=0 1900ms=0 1950ms=0 2000ms=0 2050ms=0 2100ms=0 2150ms=0 2200ms=0 2250ms=0 2300ms=0 2350ms=0 2400ms=0 2450ms=0 2500ms=0 2550ms=0 2600ms=0 2650ms=0 2700ms=0 2750ms=0 2800ms=0 2850ms=0 2900ms=0 2950ms=0 3000ms=0 3050ms=0 3100ms=0 3150ms=0 3200ms=0 3250ms=0 3300ms=0 3350ms=0 3400ms=0 3450ms=0 3500ms=0 3550ms=0 3600ms=0 3650ms=0 3700ms=0 3750ms=0 3800ms=0 3850ms=0 3900ms=0 3950ms=0 4000ms=0 4050ms=0 4100ms=0 4150ms=0 4200ms=0 4250ms=0 4300ms=0 4350ms=0 4400ms=0 4450ms=0 4500ms=0 4550ms=0 4600ms=0 4650ms=0 4700ms=0 4750ms=0 4800ms=0 4850ms=0 4900ms=0 4950ms=0
50th gpu percentile: 22ms
90th gpu percentile: 4950ms
95th gpu percentile: 4950ms
99th gpu percentile: 4950ms
GPU HISTOGRAM: 1ms=0 2ms=0 3ms=0 4ms=0 5ms=0 6ms=0 7ms=0 8ms=0 9ms=0 10ms=0 11ms=0 12ms=2 13ms=27 14ms=51 15ms=59 16ms=88 17ms=113 18ms=123 19ms=91 20ms=80 21ms=60 22ms=72 23ms=66 24ms=68 25ms=63 4950ms=562

Pipeline=Skia (OpenGL)
CPU Caches:
  Glyph Cache: 657.47 KB (1 entry)
  Glyph Count: 90 
Total CPU memory usage:
  673252 bytes, 657.47 KB (0.00 bytes is purgeable)
GPU Caches:
  SW Path Mask:
    Texture: 75.80 KB (1 entry)
  Other:
    Other: 16.58 KB (1 entry)
    Buffer Object: 464.00 bytes (2 entries)
    StencilAttachment: 768.00 KB (2 entries)
  Image:
    Texture: 199.48 KB (71 entries)
  Scratch:
    Buffer Object: 142.00 KB (4 entries)
    Texture: 3.79 MB (23 entries)
Total GPU memory usage:
  5201810 bytes, 4.96 MB (2.80 MB is purgeable)

Profile data in ms:

	com.takahashirinta.ncrust/com.takahashirinta.ncrust.MainActivity/android.view.ViewRootImpl@46a002e (visibility=0)
Window: com.takahashirinta.ncrust/com.takahashirinta.ncrust.MainActivity
Stats since: 32528506109927ns
Total frames rendered: 1525
Janky frames: 276 (18.10%)
Janky frames (legacy): 1525 (100.00%)
50th percentile: 34ms
90th percentile: 48ms
95th percentile: 48ms
99th percentile: 53ms
Number Missed Vsync: 116
Number High input latency: 2498
Number Slow UI thread: 133
Number Slow bitmap uploads: 0
Number Slow issue draw commands: 276
Number Frame deadline missed: 276
Number Frame deadline missed (legacy): 276
HISTOGRAM: 5ms=0 6ms=0 7ms=0 8ms=0 9ms=0 10ms=0 11ms=0 12ms=0 13ms=0 14ms=0 15ms=0 16ms=0 17ms=0 18ms=0 19ms=3 20ms=1 21ms=5 22ms=5 23ms=9 24ms=11 25ms=12 26ms=17 27ms=29 28ms=39 29ms=52 30ms=88 31ms=129 32ms=276 34ms=195 36ms=96 38ms=37 40ms=20 42ms=16 44ms=52 46ms=165 48ms=248 53ms=8 57ms=6 61ms=6 65ms=0 69ms=0 73ms=0 77ms=0 81ms=0 85ms=0 89ms=0 93ms=0 97ms=0 101ms=0 105ms=0 109ms=0 113ms=0 117ms=0 121ms=0 125ms=0 129ms=0 133ms=0 150ms=0 200ms=0 250ms=0 300ms=0 350ms=0 400ms=0 450ms=0 500ms=0 550ms=0 600ms=0 650ms=0 700ms=0 750ms=0 800ms=0 850ms=0 900ms=0 950ms=0 1000ms=0 1050ms=0 1100ms=0 1150ms=0 1200ms=0 1250ms=0 1300ms=0 1350ms=0 1400ms=0 1450ms=0 1500ms=0 1550ms=0 1600ms=0 1650ms=0 1700ms=0 1750ms=0 1800ms=0 1850ms=0 1900ms=0 1950ms=0 2000ms=0 2050ms=0 2100ms=0 2150ms=0 2200ms=0 2250ms=0 2300ms=0 2350ms=0 2400ms=0 2450ms=0 2500ms=0 2550ms=0 2600ms=0 2650ms=0 2700ms=0 2750ms=0 2800ms=0 2850ms=0 2900ms=0 2950ms=0 3000ms=0 3050ms=0 3100ms=0 3150ms=0 3200ms=0 3250ms=0 3300ms=0 3350ms=0 3400ms=0 3450ms=0 3500ms=0 3550ms=0 3600ms=0 3650ms=0 3700ms=0 3750ms=0 3800ms=0 3850ms=0 3900ms=0 3950ms=0 4000ms=0 4050ms=0 4100ms=0 4150ms=0 4200ms=0 4250ms=0 4300ms=0 4350ms=0 4400ms=0 4450ms=0 4500ms=0 4550ms=0 4600ms=0 4650ms=0 4700ms=0 4750ms=0 4800ms=0 4850ms=0 4900ms=0 4950ms=0
50th gpu percentile: 22ms
90th gpu percentile: 4950ms
95th gpu percentile: 4950ms
99th gpu percentile: 4950ms
GPU HISTOGRAM: 1ms=0 2ms=0 3ms=0 4ms=0 5ms=0 6ms=0 7ms=0 8ms=0 9ms=0 10ms=0 11ms=0 12ms=2 13ms=27 14ms=51 15ms=59 16ms=88 17ms=113 18ms=123 19ms=91 20ms=80 21ms=60 22ms=72 23ms=66 24ms=68 25ms=63 4950ms=562



---PROFILEDATA---
Flags,FrameTimelineVsyncId,IntendedVsync,Vsync,InputEventId,HandleInputStart,AnimationStart,PerformTraversalsStart,DrawStart,FrameDeadline,FrameInterval,FrameStartTime,SyncQueued,SyncStart,IssueDrawCommandsStart,SwapBuffers,FrameCompleted,DequeueBufferDuration,QueueBufferDuration,GpuCompleted,SwapBuffersCompleted,DisplayPresentTime,CommandSubmissionCompleted,
0,95236,32556245458663,32556245458663,0,32556258380117,32556258380678,32556258552232,32556258589021,32556295458661,32556258378384,16666666,32556258886421,32556275991604,32556276125657,32556277905450,32556293833425,2385,200167,32556293795613,32556293833425,32556306583601,32556277905450,
0,95244,32556262125329,32556262125329,0,32556276500693,32556276501024,32556276742469,32556276768488,32556312125327,32556276499421,16666666,32556277045901,32556293882457,32556293974741,32556296114724,32556313254040,2865,214414,32556313194538,32556313254040,32556331669873,32556296114724,
0,95252,32556278791995,32556295458661,0,32556295544749,32556295545962,32556295733816,32556295761748,32556345458659,32556295542976,16666666,32556296106238,32556313324293,32556313426175,32556315374396,32556345556801,2652358,133121,32556345556801,32556331879808,32556352161356,32556315374396,
0,95260,32556312125327,32556312125327,0,32556314230500,32556314231402,32556314409538,32556314436148,32556378791991,32556313976732,16666666,32556314729641,32556331946805,32556332060589,32556333353946,32556364270885,3445843,288103,32556364270885,32556353469582,32556370323421,32556333353946,
0,95268,32556328791993,32556328791993,0,32556332322693,32556332322913,32556332464961,32556332495809,32556395458657,32556332321030,16666666,32556332793139,32556353536157,32556353636045,32556354840294,32556372402288,3387,413409,32556372357594,32556372402288,32556387152353,32556354840294,
0,95276,32556345458659,32556345458659,0,32556354092676,32556354093036,32556354826879,32556354862757,32556412125323,32556354091614,16666666,32556356177715,32556372474915,32556372625999,32556374455607,32556392479361,3216,268176,32556392436770,32556392479361,32556404745885,32556374455607,
0,95284,32556362125325,32556362125325,0,32556374111459,32556374111779,32556374376759,32556374406054,32556428791989,32556374109525,16666666,32556374731397,32556392541257,32556392629143,32556395337867,32556412363049,4208,245613,32556412269823,32556412363049,32556432974689,32556395337867,
0,95292,32556378791991,32556378791991,0,32556392898811,32556392899312,32556393139284,32556393164171,32556445458655,32556392896557,16666666,32556393469036,32556412421539,32556412524203,32556414780394,32556433430879,4416993,255031,32556428957038,32556433430879,32556452824984,32556414780394,
0,95300,32556395458657,32556412125323,0,32556412841240,32556412841661,32556413115046,32556413141736,32556462125321,32556412839617,16666666,32556413450708,32556433491453,32556433596140,32556436041438,32556462471432,2661525,172515,32556462471432,32556453313705,32556469030942,32556436041438,
0,95308,32556428791989,32556428791989,0,32556434379446,32556434379697,32556434538546,32556434563793,32556495458653,32556434378284,16666666,32556434875411,32556453374500,32556453474188,32556454511843,32556479094155,3006,210908,32556479094155,32556471399355,32556483752734,32556454511843,
0,95316,32556445458655,32556445458655,0,32556453819769,32556453820621,32556453962578,32556453992174,32556512125319,32556453818266,16666666,32556454353074,32556471468987,32556471564647,32556473653864,32556496466561,215446,228119,32556496466561,32556491468393,32556502259888,32556473653864,
0,95324,32556462125321,32556462125321,0,32556471867337,32556471867808,32556472072454,32556472100998,32556528791985,32556471865474,16666666,32556473116070,32556491539467,32556491638884,32556492890302,32556512262717,3416,378263,32556512262717,32556510618249,32556517574557,32556492890302,
0,95332,32556478791987,32556478791987,0,32556492532659,32556492533129,32556493033693,32556493069450,32556545458651,32556492531266,16666666,32556493676093,32556510682710,32556510786766,32556512526054,32556529500139,2825,187844,32556529465354,32556529500139,32556547788171,32556512526054,
0,95340,32556495458653,32556495458653,0,32556511122699,32556511122940,32556511272702,32556511300554,32556562125317,32556511120996,16666666,32556511582716,32556529568758,32556529668877,32556531627718,32556548252195,3740358,195018,32556544445933,32556548252195,32556566955659,32556531627718,
0,95348,32556512125319,32556528791985,0,32556530108966,32556530109267,32556530549547,32556530574103,32556578791983,32556530107173,16666666,32556530931687,32556548317268,32556548417637,32556549728757,32556578910657,3019400,154371,32556578910657,32556568089235,32556583400167,32556549728757,
0,95356,32556545458651,32556545458651,0,32556548740896,32556548741297,32556549050640,32556549076598,32556612125315,32556548739513,16666666,32556549858472,32556568160219,32556568315392,32556569180662,32556585199908,4248,335122,32556585151687,32556585199908,32556602108500,32556569180662,
0,95364,32556562125317,32556562125317,0,32556568567246,32556568567527,32556568700317,32556568727999,32556628791981,32556568565443,16666666,32556569018697,32556585273788,32556585367975,32556588278580,32556613730010,2906,196580,32556613730010,32556605830334,32556620321982,32556588278580,
0,95372,32556578791983,32556578791983,0,32556585621132,32556585621473,32556585737862,32556585767678,32556645458647,32556585619098,16666666,32556586037236,32556605901819,32556606013840,32556608421937,32556625847153,6833,1515496,32556625783683,32556625847153,32556636998817,32556608421937,
0,95380,32556595458649,32556595458649,0,32556606313334,32556606313875,32556607572877,32556607599738,32556662125313,32556606311741,16666666,32556607916785,32556625953734,32556626155234,32556627692681,32556646233599,3667,387740,32556646170420,32556646233599,32556668308887,32556627692681,
0,95388,32556612125315,32556612125315,0,32556627020234,32556627020564,32556627154426,32556627180025,32556678791979,32556627018340,16666666,32556627481893,32556646303801,32556646405463,32556648957301,32556678920182,6359293,134093,32556678920182,32556669244540,32556687370817,32556648957301,
0,95396,32556628791981,32556645458647,0,32556647519442,32556647519792,32556647677219,32556647704070,32556712125311,32556647517488,16666666,32556648046876,32556669314271,32556669411334,32556670398545,32556696190747,900126,157607,32556696190747,32556687450427,32556703150662,32556670398545,
0,95404,32556662125313,32556662125313,0,32556669759731,32556669760132,32556669887532,32556669913741,32556728791977,32556669758378,16666666,32556670167249,32556687512113,32556687675761,32556688949291,32556712285265,2585,167345,32556712285265,32556706382372,32556719937745,32556688949291,
0,95412,32556678791979,32556678791979,0,32556687937925,32556687938156,32556688199077,32556688238902,32556745458643,32556687936623,16666666,32556688583051,32556706508660,32556706613738,32556708773658,32556726417686,2966,229052,32556726379954,32556726417686,32556739902516,32556708773658,
0,95420,32556695458645,32556695458645,0,32556707055710,32556707056121,32556707198139,32556707233936,32556762125309,32556707054238,16666666,32556707584847,32556726486646,32556726751976,32556728208861,32556746811185,3397,143550,32556746811185,32556744964705,32556763966091,32556728208861,
0,95428,32556712125311,32556712125311,0,32556727222162,32556727222382,32556727368437,32556727395779,32556778791975,32556727220308,16666666,32556727690053,32556745033645,32556745141218,32556747277854,32556764384299,4024954,147247,32556762259926,32556764384299,32556786538556,32556747277854,
0,95436,32556728791977,32556745458643,0,32556745485396,32556745485677,32556745714167,32556745741208,32556795458641,32556745483483,16666666,32556746033870,32556764443340,32556764537027,32556766739757,32556796257580,4341440,200788,32556796257580,32556786183276,32556800313633,32556766739757,
0,95445,32556762125309,32556762125309,0,32556765515981,32556765516312,32556765664722,32556765692624,32556828791973,32556765514609,16666666,32556766030190,32556786254911,32556786349079,32556788216668,32556812474098,2575,176744,32556812474098,32556805720392,32556818691224,32556788216668,
0,95453,32556778791975,32556778791975,0,32556786642892,32556786643383,32556786807663,32556786833762,32556845458639,32556786641009,16666666,32556787206885,32556805813788,32556805895121,32556808437271,32556825286772,3737,255381,32556825236607,32556825286772,32556839805210,32556808437271,
0,95461,32556795458641,32556795458641,0,32556806148789,32556806149230,32556807315287,32556807347918,32556862125305,32556806147476,16666666,32556807621444,32556825374457,32556825498311,32556827076955,32556843672638,2615,219965,32556843629727,32556843672638,32556859146356,32556827076955,
0,95469,32556812125307,32556812125307,0,32556825982834,32556825983545,32556826116325,32556826142174,32556878791971,32556825981491,16666666,32556826446898,32556843739053,32556843922388,32556846070687,32556864469116,2855,146697,32556864428299,32556864469116,32556884593418,32556846070687,
0,95477,32556828791973,32556828791973,0,32556844390631,32556844390961,32556844540794,32556844566683,32556895458637,32556844389509,16666666,32556844842843,32556864517828,32556864611334,32556867130621,32556885011776,4534915,232318,32556880422709,32556885011776,32556898052580,32556867130621,
0,95485,32556845458639,32556862125305,0,32556864891753,32556864892123,32556865063286,32556865089074,32556912125303,32556864889258,16666666,32556866162938,32556885071759,32556885163622,32556887166206,32556901127775,3988,232919,32556901074895,32556901127775,32556918182302,32556887166206,
0,95493,32556878791971,32556878791971,0,32556886396466,32556886396836,32556886722400,32556886751675,32556928791969,32556886394572,16666666,32556887142251,32556901194951,32556901327792,32556904859046,32556920849879,3737,207471,32556920804233,32556920849879,32556938455524,32556904859046,
0,95501,32556895458637,32556895458637,0,32556902513085,32556902513286,32556902675642,32556902703674,32556945458635,32556902511693,16666666,32556903003650,32556920919320,32556921019338,32556922901936,32556942110381,3948,209565,32556942065918,32556942110381,32556951789020,32556922901936,
0,95509,32556912125303,32556912125303,0,32556921534749,32556921535340,32556921746478,32556921783428,32556962125301,32556921532936,16666666,32556922150810,32556942180413,32556942303004,32556943518715,32556976794790,2966,244190,32556976794790,32556962292232,32556981092298,32556943518715,
0,95517,32556928791969,32556928791969,0,32556942582371,32556942582922,32556942756960,32556942787938,32556995458633,32556942580016,16666666,32556945539824,32556962358426,32556962460489,32556964437835,32556983919796,7044504,154270,32556976806362,32556983919796,32557003391097,32556964437835,
0,95525,32556945458635,32556962125301,0,32556963224969,32556963225560,32556963367418,32556963393567,32557012125299,32556963222976,16666666,32556963684916,32556983973708,32556984118561,32556985713676,32557003888304,4727989,512616,32556999092758,32557003888304,32557020333403,32556985713676,
0,95532,32556962125301,32556978791967,0,32556984278001,32556984278262,32556984538923,32556984565393,32557028791965,32556984276268,16666666,32556984850039,32557003941434,32557004050490,32557005410503,32557022567092,2886,339359,32557022515685,32557022567092,32557040631442,32557005410503,
0,95541,32556995458633,32556995458633,0,32557004339504,32557004340336,32557004517390,32557004541756,32557045458631,32557004337982,16666666,32557004861879,32557022654707,32557022799991,32557024671788,32557040796353,3066,104407,32557040752731,32557040796353,32557048718772,32557024671788,
0,95549,32557012125299,32557012125299,0,32557023527191,32557023527682,32557023670531,32557023700127,32557062125297,32557023525288,16666666,32557024045478,32557040863409,32557040967916,32557042144103,32557078905906,3096,324913,32557078905906,32557061872638,32557084697659,32557042144103,
0,95557,32557028791965,32557028791965,0,32557041221233,32557041221594,32557041481554,32557041512793,32557112125295,32557041219170,16666666,32557041852152,32557061950285,32557062052588,32557064483027,32557095553195,5864401,236005,32557095553195,32557085226877,32557099320114,32557064483027,
0,95565,32557045458631,32557062125297,0,32557063103949,32557063104259,32557063293306,32557063317671,32557128791961,32557063101063,16666666,32557063636903,32557085303641,32557085413759,32557086433070,32557113376471,2855,194686,32557113376471,32557105681471,32557118310609,32557086433070,
0,95572,32557062125297,32557078791963,0,32557085932286,32557085932526,32557086213456,32557086271034,32557145458627,32557085930593,16666666,32557086620372,32557105756753,32557105872901,32557107982146,32557123736984,3777,315554,32557123688032,32557123736984,32557136179671,32557107982146,
0,95581,32557095458629,32557095458629,0,32557107311683,32557107312564,32557107753615,32557107864244,32557162125293,32557107310080,16666666,32557108349919,32557123788281,32557123912475,32557125975562,32557141595516,3977,399303,32557141543188,32557141595516,32557158404491,32557125975562,
0,95589,32557112125295,32557112125295,0,32557124520070,32557124520390,32557124671335,32557124701251,32557178791959,32557124518286,16666666,32557125074494,32557141669556,32557141784883,32557143772248,32557162287117,2594,109767,32557162287117,32557159255344,32557164361746,32557143772248,
0,95597,32557128791961,32557128791961,0,32557142722490,32557142722750,32557142848668,32557142875198,32557195458625,32557142721418,16666666,32557143395789,32557159376492,32557159488063,32557161908293,32557180496130,4157,246374,32557180450604,32557180496130,32557200149474,32557161908293,
0,95605,32557145458627,32557162125293,0,32557162587172,32557162587994,32557162858403,32557162899301,32557212125291,32557162582203,16666666,32557163394764,32557180564318,32557180660099,32557182664987,32557212255747,4334789,190379,32557212255747,32557200423180,32557220801981,32557182664987,
0,95613,32557178791959,32557178791959,0,32557182601096,32557182601627,32557182759264,32557182792497,32557245458623,32557182599754,16666666,32557183614366,32557200485026,32557200576348,32557201506020,32557229798414,5377894,191401,32557229798414,32557221425215,32557233687823,32557201506020,
0,95621,32557195458625,32557195458625,0,32557200795782,32557200796223,32557200974639,32557201001519,32557262125289,32557200793558,16666666,32557201361979,32557221494596,32557221592250,32557222512424,32557245603857,3326,176242,32557245603857,32557238736737,32557252268946,32557222512424,
0,95629,32557212125291,32557212125291,0,32557221834236,32557221834456,32557221991262,32557222019776,32557278791955,32557221832653,16666666,32557222354817,32557238790278,32557239891152,32557241475848,32557263883923,2494,152066,32557263883923,32557256378350,32557266189558,32557241475848,
0,95637,32557228791957,32557228791957,0,32557239107435,32557239107656,32557239257949,32557239287054,32557295458621,32557239106303,16666666,32557240543822,32557256442120,32557256627249,32557258758215,32557279735965,3286,167596,32557279735965,32557274097119,32557285556503,32557258758215,
0,95645,32557245458623,32557245458623,0,32557257795741,32557257795991,32557257940764,32557257970270,32557312125287,32557257794669,16666666,32557258314178,32557274163835,32557274316041,32557275881501,32557296038445,2775,168758,32557296038445,32557291158910,32557304255909,32557275881501,
0,95653,32557262125289,32557262125289,0,32557274777170,32557274778072,32557274944456,32557274982878,32557328791953,32557274775868,16666666,32557275345431,32557291234282,32557291353466,32557292532678,32557312261735,2936,146295,32557312261735,32557309644764,32557320903740,32557292532678,
0,95661,32557278791955,32557278791955,0,32557292333824,32557292334495,32557292626806,32557292652224,32557345458619,32557292331750,16666666,32557292942821,32557309711349,32557309816658,32557311662516,32557344535291,3136,233029,32557344535291,32557328978977,32557348866943,32557311662516,
0,95669,32557295458621,32557295458621,0,32557310744406,32557310744787,32557310887666,32557310913144,32557362125285,32557310742943,16666666,32557311199804,32557329042547,32557329142405,32557331104071,32557349166889,4573779,157046,32557346236707,32557349166889,32557367100422,32557331104071,
0,95677,32557312125287,32557328791953,0,32557329793341,32557329793702,32557329912666,32557329938184,32557378791951,32557329791869,16666666,32557330205809,32557349232612,32557349348741,32557351923653,32557378929322,3280842,180791,32557378929322,32557367723817,32557383610112,32557351923653,
0,95685,32557345458619,32557345458619,0,32557350301697,32557350302018,32557350480223,32557350510951,32557412125283,32557350299733,16666666,32557350828169,32557367786896,32557367886874,32557370216434,32557396026299,3166,172104,32557396026299,32557386130392,32557405298051,32557370216434,
0,95693,32557362125285,32557362125285,0,32557368293741,32557368293971,32557368444174,32557368471686,32557428791949,32557368292438,16666666,32557368773645,32557386195645,32557386439634,32557388499306,32557412426223,3751149,291128,32557412426223,32557405674330,32557418508133,32557388499306,
0,95701,32557378791951,32557378791951,0,32557386932513,32557386932734,32557387064231,32557387092124,32557445458615,32557386931211,16666666,32557387524869,32557405758719,32557405855381,32557406743484,32557430126978,3036,157988,32557430126978,32557421130224,32557435102243,32557406743484,
0,95709,32557395458617,32557395458617,0,32557406505316,32557406505766,32557406983677,32557407021568,32557462125281,32557406502500,16666666,32557407973783,32557421196139,32557421320653,32557422954262,32557440172217,2785,191791,32557440131620,32557440172217,32557450307666,32557422954262,
0,95717,32557412125283,32557412125283,0,32557421558081,32557421558542,32557421709686,32557421739913,32557478791947,32557421556367,16666666,32557422102707,32557440251917,32557440360271,32557442390166,32557462941232,3327,216077,32557462941232,32557457199743,32557468410759,32557442390166,
0,95725,32557428791949,32557428791949,0,32557441935790,32557441936100,32557442060795,32557442084490,32557495458613,32557441934688,16666666,32557442404774,32557457290815,32557457389380,32557460224122,32557478922407,2835,187062,32557478922407,32557476452522,32557488842179,32557460224122,
0,95733,32557445458615,32557445458615,0,32557458507898,32557458508239,32557458652450,32557458678399,32557512125279,32557458506535,16666666,32557458980108,32557476521242,32557476619757,32557478738891,32557509703059,5841,1653446,32557509703059,32557496158295,32557514384961,32557478738891,
0,95741,32557462125281,32557462125281,0,32557476875740,32557476876221,32557477033016,32557477061079,32557528791945,32557476873566,16666666,32557477424684,32557496226223,32557496333726,32557497234804,32557514657906,4895715,160413,32557512282289,32557514657906,32557532761900,32557497234804,
0,95749,32557478791947,32557495458613,0,32557496658177,32557496658468,32557496813630,32557496837726,32557545458611,32557496656685,16666666,32557497080684,32557514713080,32557514801707,32557517343516,32557545683059,2628253,203463,32557545683059,32557533220645,32557552431054,32557517343516,
0,95757,32557512125279,32557512125279,0,32557515051918,32557515052209,32557515187123,32557515213192,32557578791943,32557515050826,16666666,32557515504701,32557533289304,32557533381748,32557536409043,32557562434625,2435,107673,32557562434625,32557553214100,32557567238277,32557536409043,
0,95765,32557528791945,32557528791945,0,32557534659236,32557534659466,32557534803568,32557534830909,32557595458609,32557534657492,16666666,32557535112289,32557553304901,32557553401182,32557554646880,32557579316336,3576,174850,32557579316336,32557572577598,32557587424906,32557554646880,
0,95773,32557545458611,32557545458611,0,32557555118979,32557555119320,32557555338553,32557555380402,32557612125275,32557555117086,16666666,32557555786537,32557572663500,32557572775481,32557574451189,32557592548310,3126,171293,32557592508175,32557592548310,32557602556219,32557574451189,
0,95781,32557562125277,32557562125277,0,32557573618810,32557573619091,32557573751009,32557573777158,32557628791941,32557573617708,16666666,32557574053920,32557592612471,32557592699074,32557594637968,32557612757652,2916,146135,32557612757652,32557610793832,32557631742397,32557594637968,
0,95789,32557578791943,32557578791943,0,32557593003719,32557593004059,32557593282844,32557593310396,32557645458607,32557593000763,16666666,32557593613427,32557610853875,32557610957250,32557612811474,32557631357541,5570898,225014,32557628991182,32557631357541,32557652763478,32557612811474,
0,95797,32557595458609,32557595458609,0,32557611708626,32557611708846,32557611842628,32557611866673,32557662125273,32557611707163,16666666,32557612159856,32557631409720,32557631513195,32557632596436,32557653226020,4777032,192873,32557648380950,32557653226020,32557664614710,32557632596436,
0,95806,32557628791941,32557628791941,0,32557631761903,32557631762114,32557631919811,32557631950018,32557678791939,32557631759359,16666666,32557632302843,32557653417320,32557653516607,32557654831976,32557680086786,3476,203042,32557680086786,32557671786645,32557685427810,32557654831976,
0,95814,32557645458607,32557645458607,0,32557653812465,32557653812986,32557653965513,32557653993406,32557712125271,32557653811223,16666666,32557654322125,32557671859312,32557671964440,32557673425804,32557695625015,3838,186211,32557695625015,32557690159036,32557702094927,32557673425804,
0,95822,32557662125273,32557662125273,0,32557672907357,32557672907728,32557673157618,32557673185671,32557728791937,32557672906064,16666666,32557673647993,32557690230460,32557690342652,32557692453299,32557709072085,2495,171924,32557709035386,32557709072085,32557719459408,32557692453299,
0,95830,32557678791939,32557678791939,0,32557690611528,32557690611739,32557690774285,32557690804812,32557745458603,32557690609044,16666666,32557692524002,32557709138139,32557709235603,32557711118922,32557729016698,2755,171563,32557729016698,32557727936933,32557742386983,32557711118922,
0,95838,32557695458605,32557695458605,0,32557709653701,32557709654222,32557709797041,32557709824493,32557762125269,32557709652178,16666666,32557710935506,32557728051760,32557728152329,32557730343037,32557748260941,3016,129434,32557748211859,32557748260941,32557767661890,32557730343037,
0,95846,32557712125271,32557712125271,0,32557728527236,32557728527807,32557741679840,32557741712902,32557778791935,32557728524781,16666666,32557742078411,32557748321736,32557748421384,32557749696967,32557778896891,4284994,176002,32557778896891,32557767808687,32557783407160,32557749696967,
0,95854,32557745458603,32557745458603,0,32557748742639,32557748742910,32557748865721,32557748890788,32557812125267,32557748741457,16666666,32557749225519,32557767858971,32557767952748,32557769632764,32557796285758,4077,177475,32557796285758,32557785241236,32557801043944,32557769632764,
0,95862,32557762125269,32557762125269,0,32557768215082,32557768215323,32557768444084,32557768543702,32557828791933,32557768213750,16666666,32557768898811,32557785487600,32557785590344,32557787664913,32557814056775,3096,177424,32557814056775,32557806158221,32557821275568,32557787664913,
0,95870,32557778791935,32557778791935,0,32557786428213,32557786428573,32557786571072,32557786597091,32557845458599,32557786427091,16666666,32557786927193,32557806228284,32557806349993,32557807888722,32557829584445,2514,182604,32557829584445,32557823368793,32557839034082,32557807888722,
0,95878,32557795458601,32557795458601,0,32557809030364,32557809030754,32557809265316,32557809301304,32557862125265,32557809028711,16666666,32557809665270,32557823435799,32557823718111,32557825483177,32557845562223,2435,191732,32557845562223,32557843474750,32557852473968,32557825483177,
0,95886,32557812125267,32557812125267,0,32557824135457,32557824135808,32557824330475,32557824356824,32557878791931,32557824133584,16666666,32557824786354,32557843541786,32557843642506,32557845780695,32557878326884,3106,149492,32557878326884,32557862809814,32557881544608,32557845780695,
0,95894,32557828791933,32557828791933,0,32557844560686,32557844560917,32557844760022,32557844787754,32557895458597,32557844559584,16666666,32557845242681,32557862872332,32557862966991,32557864803461,32557881718636,3327851,143841,32557880097140,32557881718636,32557899099508,32557864803461,
0,95902,32557845458599,32557862125265,0,32557863562533,32557863562843,32557863686156,32557863709810,32557912125263,32557863560930,16666666,32557863991170,32557881799087,32557881899516,32557883191431,32557912292057,1695695,229553,32557912292057,32557899614438,32557920784430,32557883191431,
0,95910,32557878791931,32557878791931,0,32557882183912,32557882184333,32557882443301,32557882470462,32557945458595,32557882182189,16666666,32557882833076,32557899665414,32557899758610,32557901697303,32557921012991,1419635,205487,32557919537541,32557921012991,32557934500406,32557901697303,
0,95918,32557895458597,32557895458597,0,32557900854855,32557900855406,32557900996863,32557901182723,32557962125261,32557900853423,16666666,32557901554444,32557921067584,32557921166671,32557924214684,32557945807583,3116,189167,32557945807583,32557942182172,32557951982118,32557924214684,
0,95926,32557912125263,32557912125263,0,32557923046262,32557923046613,32557923634441,32557923667623,32557978791927,32557923044699,16666666,32557924287030,32557942237366,32557942351120,32557943989117,32557962264875,3717,285047,32557962264875,32557959764443,32557973913405,32557943989117,
0,95934,32557928791929,32557928791929,0,32557943156768,32557943157019,32557943307873,32557943332429,32557995458593,32557943155486,16666666,32557943616935,32557959838002,32557959948039,32557961830166,32557978877329,3076,159070,32557978877329,32557977810539,32557986772426,32557961830166,
0,95942,32557945458595,32557945458595,0,32557960245089,32557960245941,32557960383139,32557960410270,32558012125259,32557960243536,16666666,32557960693314,32557977883035,32557977988644,32557979113795,32558011631450,2555,164680,32558011631450,32557996860606,32558018521023,32557979113795,
0,95950,32557962125261,32557962125261,0,32557978599536,32557978599756,32557978735261,32557978761721,32558028791925,32557978598183,16666666,32557984819336,32557996930658,32557997070842,32557999272601,32558018847317,7154081,143630,32558013582406,32558018847317,32558039095493,32557999272601,
0,95958,32557978791927,32557995458593,0,32557997360779,32557997361340,32557997533655,32557997561327,32558045458591,32557997358675,16666666,32557997866181,32558018904375,32558018987452,32558019908507,32558045884926,4088704,165822,32558045884926,32558039064905,32558053139697,32558019908507,
0,95966,32558012125259,32558012125259,0,32558019251269,32558019261398,32558019381454,32558019405790,32558078791923,32558019248894,16666666,32558019697840,32558039130990,32558039231970,32558040282560,32558056516170,3126,181111,32558056273392,32558056516170,32558068144091,32558040282560,
0,95974,32558028791925,32558028791925,0,32558039519111,32558039519431,32558039654887,32558039683030,32558095458589,32558039517889,16666666,32558039987463,32558056588045,32558056751122,32558059156184,32558078919065,3317,411746,32558078919065,32558076111605,32558083803830,32558059156184,
0,95982,32558045458591,32558045458591,0,32558057279408,32558057279839,32558057430984,32558057504642,32558112125255,32558057277554,16666666,32558057960081,32558076178391,32558076327822,32558077822849,32558095575182,2625,218732,32558095575182,32558094085013,32558102847525,32558077822849,
0,95990,32558062125257,32558062125257,0,32558076721624,32558076721845,32558076872919,32558076899219,32558128791921,32558076720282,16666666,32558077199304,32558094152801,32558094241789,32558095844279,32558127871680,3436,170151,32558127871680,32558113441438,32558130826158,32558095844279,
0,95998,32558078791923,32558078791923,0,32558094485879,32558094486079,32558094627406,32558094654897,32558145458587,32558094484757,16666666,32558094957908,32558113507142,32558113599326,32558115403626,32558131114461,3178679,288624,32558129422262,32558131114461,32558151603690,32558115403626,
0,96006,32558095458589,32558112125255,0,32558114667839,32558114668100,32558114787385,32558114815267,32558162125253,32558114666236,16666666,32558115136833,32558131173171,32558131267088,32558133480690,32558162287633,5026642,155453,32558162287633,32558152158666,32558169750856,32558133480690,
0,96014,32558128791921,32558128791921,0,32558131552045,32558131552356,32558131709372,32558131746041,32558195458585,32558131549531,16666666,32558132111590,32558152225061,32558152328336,32558153189999,32558171366421,5565969,320864,32558165710733,32558171366421,32558189331784,32558153189999,
0,96022,32558145458587,32558145458587,0,32558152571243,32558152571554,32558152710296,32558152738699,32558212125251,32558152570011,16666666,32558153044656,32558171478792,32558171590683,32558172678713,32558195615204,2742438,173998,32558195615204,32558189710468,32558199142922,32558172678713,
0,96030,32558162125253,32558162125253,0,32558171855743,32558171856174,32558172047454,32558172081789,32558228791917,32558171853278,16666666,32558172461594,32558189780800,32558189890176,32558191047167,32558214339518,3647,290968,32558214339518,32558207271690,32558223082744,32558191047167,
0,96038,32558178791919,32558178791919,0,32558190189601,32558190190011,32558190880813,32558190911491,32558245458583,32558190187587,16666666,32558191295424,32558207322335,32558207413056,32558210058241,32558225799423,2525,313841,32558225758055,32558225799423,32558240233492,32558210058241,
0,96046,32558195458585,32558195458585,0,32558207719443,32558207719794,32558207910043,32558207948315,32558262125249,32558207717920,16666666,32558209005577,32558225876067,32558225992216,32558228414761,32558245376914,3897,164840,32558245333993,32558245376914,32558263991902,32558228414761,
0,96054,32558212125251,32558212125251,0,32558226285910,32558226286280,32558226761666,32558226798085,32558278791915,32558226284136,16666666,32558227168352,32558245470450,32558245579536,32558247539770,32558264542549,3975231,271321,32558262420180,32558264542549,32558286805261,32558247539770,
0,96062,32558228791917,32558245458583,0,32558245839917,32558245840177,32558245986914,32558246016149,32558295458581,32558245838404,16666666,32558246747116,32558264604837,32558264694806,32558265590554,32558286711564,5763240,194998,32558280892719,32558286711564,32558302578604,32558265590554,
0,96070,32558262125249,32558262125249,0,32558265864500,32558265865442,32558269316525,32558269343156,32558312125247,32558265860383,16666666,32558273599236,32558286772048,32558286863070,32558288301290,32558314516449,3727,135025,32558314516449,32558303400883,32558321805685,32558288301290,
0,96078,32558278791915,32558278791915,0,32558287093935,32558287094285,32558287256150,32558287348454,32558345458579,32558287092121,16666666,32558287610789,32558303463070,32558303558751,32558306488842,32558328907988,2515,136738,32558328907988,32558324591654,32558333350059,32558306488842,
0,96086,32558295458581,32558295458581,0,32558304036190,32558304036741,32558304189058,32558304214146,32558362125245,32558304033094,16666666,32558304557653,32558324688096,32558324800799,32558327117153,32558345576398,2665,167596,32558345576398,32558343884409,32558349392468,32558327117153,
0,96094,32558312125247,32558312125247,0,32558326816647,32558326817198,32558327001696,32558327030510,32558378791911,32558326813992,16666666,32558327447045,32558343957848,32558344089476,32558345656889,32558378916743,2705,169610,32558378916743,32558364365363,32558382767550,32558345656889,
0,96102,32558328791913,32558328791913,0,32558344346310,32558344346680,32558344488938,32558344517462,32558412125243,32558344344586,16666666,32558344802519,32558364428101,32558364520926,32558366160566,32558395734715,3855575,122490,32558395734715,32558383106859,32558403000035,32558366160566,
0,96110,32558345458579,32558362125245,0,32558366186214,32558366186465,32558366414444,32558366451294,32558428791909,32558366184691,16666666,32558366813747,32558383173825,32558383275787,32558385549021,32558412258492,4165439,195127,32558412258492,32558404715778,32558417361237,32558385549021,
0,96118,32558378791911,32558378791911,0,32558384131810,32558384132321,32558384715831,32558384742511,32558445458575,32558384130147,16666666,32558385722698,32558404787674,32558404909183,32558405952990,32558429445839,2806,164240,32558429445839,32558421819719,32558436499581,32558405952990,
0,96126,32558395458577,32558395458577,0,32558405172950,32558405173220,32558405341317,32558405434783,32558462125241,32558405170836,16666666,32558405731853,32558421890722,32558422004537,32558423878518,32558440549072,2475,292972,32558440506932,32558440549072,32558453586198,32558423878518,
0,96134,32558412125243,32558412125243,0,32558422340680,32558422341051,32558422504850,32558422540166,32558478791907,32558422338366,16666666,32558422877933,32558440628662,32558440729622,32558442648027,32558462319135,2605,176082,32558462319135,32558458767121,32558473461531,32558442648027,
0,96142,32558428791909,32558428791909,0,32558441246165,32558441247297,32558442718329,32558442752233,32558495458573,32558441244472,16666666,32558443962584,32558458825361,32558458933284,32558461080110,32558479789455,3045,178056,32558479789455,32558477906537,32558491665634,32558461080110,
0,96150,32558445458575,32558445458575,0,32558459319212,32558459319823,32558459515892,32558459557280,32558512125239,32558459317098,16666666,32558459929381,32558477970357,32558478060487,32558480085052,32558512232640,2755,189277,32558512232640,32558498496566,32558521589943,32558480085052,
0,96158,32558462125241,32558462125241,0,32558478553486,32558478553817,32558492577613,32558492604363,32558545458571,32558478551152,16666666,32558492925549,32558498586857,32558498691514,32558500730085,32558519800832,5609511,171313,32558514127531,32558519800832,32558532587667,32558500730085,
0,96166,32558495458573,32558495458573,0,32558500411234,32558500411455,32558500560165,32558500587747,32558562125237,32558500410122,16666666,32558500858187,32558519861015,32558519963017,32558520902267,32558546329922,2775,190079,32558546329922,32558541175660,32556233583201,32558520902267,
0,96174,32558512125239,32558512125239,0,32558520365606,32558520425990,32558520578367,32558520606269,32558578791903,32558520363933,16666666,32558521026421,32558541258245,32558541375897,32558543297749,32558562498831,1974200,171703,32558562244932,32558562498831,32556253160051,32558543297749,
0,96182,32558528791905,32558528791905,0,32558542417390,32558542417640,32558542530723,32558542601847,32558595458569,32558542416378,16666666,32558542890361,32558562570917,32558562713465,32558564092724,32558581284500,3165,173486,32558581180925,32558581284500,32556272627284,32558564092724,
0,96190,32558545458571,32558562125237,0,32558562947015,32558562947406,32558563076169,32558563106927,32558562125237,32558562944701,16666666,32558563466484,32558581347258,32558581451735,32558583209217,32556275924357,6048567,154321,32556275881527,32558602648738,32556282601019,32558583209217,
---PROFILEDATA---


View hierarchy:

  com.takahashirinta.ncrust/com.takahashirinta.ncrust.MainActivity/android.view.ViewRootImpl@46a002e
  7 views, 11.90 kB of render nodes


Total ViewRootImpl   : 1
Total attached Views : 7
Total RenderNode     : 11.90 kB (used) / 35.97 kB (capacity)

