Applications Graphics Acceleration Info:
Uptime: 32528401 Realtime: 32528401

** Graphics info for pid 10821 [com.takahashirinta.ncrust] **

Stats since: 32498361885259ns
Total frames rendered: 1606
Janky frames: 199 (12.39%)
Janky frames (legacy): 1606 (100.00%)
50th percentile: 34ms
90th percentile: 48ms
95th percentile: 48ms
99th percentile: 48ms
Number Missed Vsync: 101
Number High input latency: 2814
Number Slow UI thread: 48
Number Slow bitmap uploads: 0
Number Slow issue draw commands: 199
Number Frame deadline missed: 199
Number Frame deadline missed (legacy): 199
HISTOGRAM: 5ms=0 6ms=0 7ms=0 8ms=0 9ms=0 10ms=0 11ms=0 12ms=0 13ms=0 14ms=0 15ms=0 16ms=0 17ms=1 18ms=2 19ms=1 20ms=4 21ms=12 22ms=10 23ms=8 24ms=19 25ms=17 26ms=22 27ms=40 28ms=31 29ms=49 30ms=84 31ms=110 32ms=370 34ms=362 36ms=119 38ms=32 40ms=9 42ms=6 44ms=22 46ms=96 48ms=175 53ms=3 57ms=0 61ms=1 65ms=1 69ms=0 73ms=0 77ms=0 81ms=0 85ms=0 89ms=0 93ms=0 97ms=0 101ms=0 105ms=0 109ms=0 113ms=0 117ms=0 121ms=0 125ms=0 129ms=0 133ms=0 150ms=0 200ms=0 250ms=0 300ms=0 350ms=0 400ms=0 450ms=0 500ms=0 550ms=0 600ms=0 650ms=0 700ms=0 750ms=0 800ms=0 850ms=0 900ms=0 950ms=0 1000ms=0 1050ms=0 1100ms=0 1150ms=0 1200ms=0 1250ms=0 1300ms=0 1350ms=0 1400ms=0 1450ms=0 1500ms=0 1550ms=0 1600ms=0 1650ms=0 1700ms=0 1750ms=0 1800ms=0 1850ms=0 1900ms=0 1950ms=0 2000ms=0 2050ms=0 2100ms=0 2150ms=0 2200ms=0 2250ms=0 2300ms=0 2350ms=0 2400ms=0 2450ms=0 2500ms=0 2550ms=0 2600ms=0 2650ms=0 2700ms=0 2750ms=0 2800ms=0 2850ms=0 2900ms=0 2950ms=0 3000ms=0 3050ms=0 3100ms=0 3150ms=0 3200ms=0 3250ms=0 3300ms=0 3350ms=0 3400ms=0 3450ms=0 3500ms=0 3550ms=0 3600ms=0 3650ms=0 3700ms=0 3750ms=0 3800ms=0 3850ms=0 3900ms=0 3950ms=0 4000ms=0 4050ms=0 4100ms=0 4150ms=0 4200ms=0 4250ms=0 4300ms=0 4350ms=0 4400ms=0 4450ms=0 4500ms=0 4550ms=0 4600ms=0 4650ms=0 4700ms=0 4750ms=0 4800ms=0 4850ms=0 4900ms=0 4950ms=0
50th gpu percentile: 22ms
90th gpu percentile: 4950ms
95th gpu percentile: 4950ms
99th gpu percentile: 4950ms
GPU HISTOGRAM: 1ms=0 2ms=0 3ms=0 4ms=0 5ms=0 6ms=0 7ms=0 8ms=0 9ms=0 10ms=0 11ms=0 12ms=5 13ms=49 14ms=47 15ms=79 16ms=134 17ms=142 18ms=81 19ms=68 20ms=69 21ms=75 22ms=64 23ms=89 24ms=119 25ms=113 4950ms=472

Pipeline=Skia (OpenGL)
CPU Caches:
  Glyph Cache: 657.47 KB (1 entry)
  Glyph Count: 90 
Total CPU memory usage:
  673252 bytes, 657.47 KB (0.00 bytes is purgeable)
GPU Caches:
  SW Path Mask:
    Texture: 89.58 KB (1 entry)
  Other:
    Other: 16.58 KB (1 entry)
    Buffer Object: 464.00 bytes (2 entries)
    StencilAttachment: 768.00 KB (2 entries)
  Image:
    Texture: 199.48 KB (71 entries)
  Scratch:
    RenderTarget: 640.00 KB (1 entry)
    Buffer Object: 142.00 KB (4 entries)
    Texture: 2.90 MB (14 entries)
Total GPU memory usage:
  4945182 bytes, 4.72 MB (2.06 MB is purgeable)

Profile data in ms:

	com.takahashirinta.ncrust/com.takahashirinta.ncrust.MainActivity/android.view.ViewRootImpl@46a002e (visibility=0)
Window: com.takahashirinta.ncrust/com.takahashirinta.ncrust.MainActivity
Stats since: 32498361884698ns
Total frames rendered: 1606
Janky frames: 199 (12.39%)
Janky frames (legacy): 1606 (100.00%)
50th percentile: 34ms
90th percentile: 48ms
95th percentile: 48ms
99th percentile: 48ms
Number Missed Vsync: 101
Number High input latency: 2814
Number Slow UI thread: 48
Number Slow bitmap uploads: 0
Number Slow issue draw commands: 199
Number Frame deadline missed: 199
Number Frame deadline missed (legacy): 199
HISTOGRAM: 5ms=0 6ms=0 7ms=0 8ms=0 9ms=0 10ms=0 11ms=0 12ms=0 13ms=0 14ms=0 15ms=0 16ms=0 17ms=1 18ms=2 19ms=1 20ms=4 21ms=12 22ms=10 23ms=8 24ms=19 25ms=17 26ms=22 27ms=40 28ms=31 29ms=49 30ms=84 31ms=110 32ms=370 34ms=362 36ms=119 38ms=32 40ms=9 42ms=6 44ms=22 46ms=96 48ms=175 53ms=3 57ms=0 61ms=1 65ms=1 69ms=0 73ms=0 77ms=0 81ms=0 85ms=0 89ms=0 93ms=0 97ms=0 101ms=0 105ms=0 109ms=0 113ms=0 117ms=0 121ms=0 125ms=0 129ms=0 133ms=0 150ms=0 200ms=0 250ms=0 300ms=0 350ms=0 400ms=0 450ms=0 500ms=0 550ms=0 600ms=0 650ms=0 700ms=0 750ms=0 800ms=0 850ms=0 900ms=0 950ms=0 1000ms=0 1050ms=0 1100ms=0 1150ms=0 1200ms=0 1250ms=0 1300ms=0 1350ms=0 1400ms=0 1450ms=0 1500ms=0 1550ms=0 1600ms=0 1650ms=0 1700ms=0 1750ms=0 1800ms=0 1850ms=0 1900ms=0 1950ms=0 2000ms=0 2050ms=0 2100ms=0 2150ms=0 2200ms=0 2250ms=0 2300ms=0 2350ms=0 2400ms=0 2450ms=0 2500ms=0 2550ms=0 2600ms=0 2650ms=0 2700ms=0 2750ms=0 2800ms=0 2850ms=0 2900ms=0 2950ms=0 3000ms=0 3050ms=0 3100ms=0 3150ms=0 3200ms=0 3250ms=0 3300ms=0 3350ms=0 3400ms=0 3450ms=0 3500ms=0 3550ms=0 3600ms=0 3650ms=0 3700ms=0 3750ms=0 3800ms=0 3850ms=0 3900ms=0 3950ms=0 4000ms=0 4050ms=0 4100ms=0 4150ms=0 4200ms=0 4250ms=0 4300ms=0 4350ms=0 4400ms=0 4450ms=0 4500ms=0 4550ms=0 4600ms=0 4650ms=0 4700ms=0 4750ms=0 4800ms=0 4850ms=0 4900ms=0 4950ms=0
50th gpu percentile: 22ms
90th gpu percentile: 4950ms
95th gpu percentile: 4950ms
99th gpu percentile: 4950ms
GPU HISTOGRAM: 1ms=0 2ms=0 3ms=0 4ms=0 5ms=0 6ms=0 7ms=0 8ms=0 9ms=0 10ms=0 11ms=0 12ms=5 13ms=49 14ms=47 15ms=79 16ms=134 17ms=142 18ms=81 19ms=68 20ms=69 21ms=75 22ms=64 23ms=89 24ms=119 25ms=113 4950ms=472



---PROFILEDATA---
Flags,FrameTimelineVsyncId,IntendedVsync,Vsync,InputEventId,HandleInputStart,AnimationStart,PerformTraversalsStart,DrawStart,FrameDeadline,FrameInterval,FrameStartTime,SyncQueued,SyncStart,IssueDrawCommandsStart,SwapBuffers,FrameCompleted,DequeueBufferDuration,QueueBufferDuration,GpuCompleted,SwapBuffersCompleted,DisplayPresentTime,CommandSubmissionCompleted,
0,82994,32526112126535,32526112126535,0,32526124811709,32526124812791,32526124972221,32526125002168,32526178793199,32526124810146,16666666,32526125311190,32526143464688,32526143559607,32526144975044,32526178747564,3516,154241,32526178747564,32526163406025,32526182251317,32526144975044,
0,83002,32526128793201,32526128793201,0,32526143804569,32526143805090,32526143932309,32526143961985,32526195459865,32526143803296,16666666,32526144316974,32526163473011,32526163913862,32526165711720,32526183305163,4434877,152387,32526179886661,32526183305163,32526203044048,32526165711720,
0,83010,32526145459867,32526162126533,0,32526164287085,32526164287356,32526164406831,32526164431437,32526212126531,32526164285162,16666666,32526164743836,32526183368141,32526183470674,32526185355015,32526212214068,4898240,221006,32526212214068,32526203796636,32526214402993,32526185355015,
0,83018,32526178793199,32526178793199,0,32526185686259,32526185686770,32526186724025,32526186754352,32526245459863,32526185683534,16666666,32526188413268,32526203866418,32526203991684,32526205089743,32526220807110,3647,196030,32526220762807,32526220807110,32526233820152,32526205089743,
0,83026,32526195459865,32526195459865,0,32526204275929,32526204276300,32526204441451,32526204474263,32526262126529,32526204274427,16666666,32526204955680,32526220897671,32526221006686,32526223341456,32526245634134,3196,156124,32526245634134,32526239813896,32526253856147,32526223341456,
0,83034,32526212126531,32526212126531,0,32526221528259,32526221528520,32526222476316,32526222502766,32526278793195,32526221527017,16666666,32526222883503,32526239874641,32526239965131,32526241732632,32526262236389,4188,214044,32526262236389,32526257949480,32526272296746,32526241732632,
0,83042,32526228793197,32526228793197,0,32526241511074,32526241511435,32526241765023,32526241797224,32526295459861,32526241509652,16666666,32526242158905,32526258036685,32526258153184,32526260443841,32526279462880,3246,143831,32526279462880,32526278198898,32526281822426,32526260443841,
0,83050,32526245459863,32526245459863,0,32526258667253,32526258667704,32526258791146,32526258816645,32526312126527,32526258665680,16666666,32526259118083,32526278271986,32526278418782,32526282760864,32526296502238,3166,143039,32526296332448,32526296502238,32526315869974,32526282760864,
0,83058,32526262126529,32526278793195,0,32526278840447,32526278840707,32526278994758,32526279020586,32526328793193,32526278838774,16666666,32526279330971,32526296567551,32526296675154,32526298528396,32526316334710,4964334,147388,32526312262617,32526316334710,32526337294216,32526298528396,
0,83066,32526295459861,32526295459861,0,32526297089254,32526297090427,32526297354645,32526297382768,32526345459859,32526297087692,16666666,32526297670490,32526316393791,32526316481477,32526318877552,32526347757813,4796078,243630,32526347757813,32526337089480,32526353242568,32526318877552,
0,83074,32526312126527,32526312126527,0,32526316828721,32526316829643,32526316959628,32526316984174,32526378793191,32526316827348,16666666,32526317294549,32526338313857,32526338595368,32526339824594,32526362687827,3196,222829,32526362687827,32526354498936,32526371373023,32526339824594,
0,83082,32526328793193,32526328793193,0,32526338847793,32526338848144,32526338986284,32526339191842,32526395459857,32526338846801,16666666,32526339562961,32526354573426,32526354689826,32526357905976,32526378998091,3076,141176,32526378998091,32526374175514,32526386279051,32526357905976,
0,83090,32526345459859,32526345459859,0,32526355866753,32526355867034,32526356407162,32526356436697,32526412126523,32526355865601,16666666,32526356887527,32526374241077,32526374348059,32526375707972,32526396269988,2405,133191,32526396269988,32526394520401,32526414227537,32526375707972,
0,83098,32526362126525,32526362126525,0,32526375007852,32526375008173,32526375134812,32526375160981,32526428793189,32526375006580,16666666,32526375608003,32526394569033,32526394904585,32526396735034,32526414563099,4362030,163107,32526412254299,32526414563099,32526435774800,32526396735034,
0,83106,32526378793191,32526378793191,0,32526395265886,32526395266347,32526395892397,32526395923155,32526445459855,32526395263401,16666666,32526396539366,32526414663398,32526414764459,32526417244522,32526445731472,5200109,214605,32526445731472,32526436774384,32526453289594,32526417244522,
0,83114,32526395459857,32526412126523,0,32526414972671,32526414973062,32526415119518,32526415145857,32526478793187,32526414970557,16666666,32526417820477,32526436837793,32526436954713,32526438075746,32526455965747,3166,334801,32526455917036,32526455965747,32526471646696,32526438075746,
0,83123,32526428793189,32526428793189,0,32526437183695,32526437183905,32526437324971,32526437352243,32526495459853,32526437182473,16666666,32526437712732,32526456057200,32526456149073,32526458836266,32526476082024,3266,270049,32526476041748,32526476082024,32526487926984,32526458836266,
0,83131,32526445459855,32526445459855,0,32526457444594,32526457445686,32526457633971,32526457665661,32526512126519,32526457442500,16666666,32526458026611,32526476144512,32526476238599,32526478016038,32526495526044,2835,254099,32526495420184,32526495526044,32526513999615,32526478016038,
0,83139,32526462126521,32526462126521,0,32526476675442,32526476675873,32526476823591,32526476849079,32526528793185,32526476673699,16666666,32526477152040,32526495599081,32526495699982,32526497575175,32526514338343,3835047,158058,32526512278311,32526514338343,32526534545461,32526497575175,
0,83147,32526478793187,32526495459853,0,32526497088037,32526497088378,32526497261033,32526497290539,32526545459851,32526497085683,16666666,32526497579433,32526514391083,32526514478848,32526515900216,32526545670725,5500105,155874,32526545670725,32526535671884,32526554035518,32526515900216,
0,83155,32526512126519,32526512126519,0,32526514734279,32526514734580,32526514901034,32526514927393,32526578793183,32526514732796,16666666,32526515257475,32526535732899,32526535816115,32526537073946,32526554467672,4749,3012477,32526554400656,32526554467672,32526568730298,32526537073946,
0,83163,32526528793185,32526528793185,0,32526536060656,32526536060947,32526536208304,32526536234203,32526595459849,32526536059604,16666666,32526536550990,32526554538575,32526554771885,32526555746672,32526579656918,3677,175300,32526579656918,32526570958677,32526585345658,32526555746672,
0,83171,32526545459851,32526545459851,0,32526555131052,32526555131533,32526555453870,32526555481733,32526612126515,32526555127796,16666666,32526555871547,32526571031484,32526571363760,32526573488524,32526590278974,3687,158128,32526590236945,32526590278974,32526603747674,32526573488524,
0,83179,32526562126517,32526562126517,0,32526572098345,32526572099246,32526572329330,32526572355038,32526628793181,32526572096591,16666666,32526572715177,32526590340229,32526590440849,32526592815504,32526612249715,2906,172095,32526612249715,32526609557522,32526617616237,32526592815504,
0,83187,32526578793183,32526578793183,0,32526591011184,32526591012005,32526591233462,32526591259802,32526645459847,32526591007677,16666666,32526591659676,32526609638304,32526609732011,32526610858113,32526643987461,3065,141266,32526643987461,32526628426037,32526651056922,32526610858113,
0,83195,32526595459849,32526595459849,0,32526609994595,32526609994806,32526610121905,32526610148926,32526662126513,32526609993654,16666666,32526610458950,32526628491160,32526628592110,32526630440323,32526651338473,7239632,156775,32526645871832,32526651338473,32526668881070,32526630440323,
0,83203,32526612126515,32526628793181,0,32526628961346,32526628961576,32526629092934,32526629814263,32526678793179,32526628959292,16666666,32526630132302,32526651383718,32526651464470,32526652208843,32526679000448,3644257,202752,32526679000448,32526669075215,32526684794056,32526652208843,
0,83211,32526645459847,32526645459847,0,32526652384905,32526652385426,32526652571647,32526652619417,32526712126511,32526652383031,16666666,32526652983302,32526669134136,32526669217854,32526670794746,32526696670435,3597,172595,32526696670435,32526689114868,32526703365120,32526670794746,
0,83219,32526662126513,32526662126513,0,32526669914307,32526669914757,32526670166372,32526670191579,32526728793177,32526669911852,16666666,32526670537060,32526689193235,32526689556730,32526691091623,32526708437318,3617,208242,32526708393265,32526708437318,32526721678630,32526691091623,
0,83227,32526678793179,32526678793179,0,32526690858644,32526690859094,32526691024286,32526691049022,32526745459843,32526690856850,16666666,32526691357794,32526708530995,32526708675627,32526709519217,32526728905288,2935,289716,32526728905288,32526726779272,32526739165782,32526709519217,
0,83235,32526695459845,32526695459845,0,32526709221827,32526709222227,32526709519468,32526709545577,32526762126509,32526709220334,16666666,32526709903882,32526726843483,32526726947989,32526728533988,32526746171564,2364,133492,32526746171564,32526745127857,32526754886566,32526728533988,
0,83243,32526712126511,32526712126511,0,32526728225697,32526728225998,32526728383855,32526728410856,32526778793175,32526728224264,16666666,32526728725399,32526745176128,32526745268672,32526747283910,32526778950712,3957,168387,32526778950712,32526764714355,32526782077073,32526747283910,
0,83251,32526728793177,32526745459843,0,32526746824715,32526746824945,32526747049248,32526747087710,32526812126507,32526746822711,16666666,32526747521628,32526764819413,32526764922297,32526766603946,32526795581982,3197515,126117,32526795581982,32526782572878,32526803750454,32526766603946,
0,83259,32526762126509,32526762126509,0,32526766511672,32526766511903,32526766672024,32526766704115,32526828793173,32526766510440,16666666,32526767060056,32526782646216,32526782748599,32526786126795,32526812227047,3367907,225715,32526812227047,32526803587597,32526815017996,32526786126795,
0,83267,32526778793175,32526778793175,0,32526783037012,32526783037363,32526783180342,32526783209227,32526845459839,32526783035429,16666666,32526783500065,32526803660374,32526803761805,32526804726333,32526828964797,2876,147638,32526828964797,32526820650791,32526834114872,32526804726333,
0,83275,32526795459841,32526795459841,0,32526803988523,32526803988853,32526804148504,32526804175285,32526862126505,32526803987361,16666666,32526804464570,32526820740319,32526820838725,32526822867488,32526838439702,3176,194005,32526838397973,32526838439702,32526849791392,32526822867488,
0,83283,32526812126507,32526812126507,0,32526821222658,32526821223119,32526821369916,32526821399451,32526878793171,32526821220063,16666666,32526821785339,32526838503402,32526838634589,32526840805259,32526862255560,3898,173958,32526862255560,32526857629252,32526870921590,32526840805259,
0,83291,32526828793173,32526828793173,0,32526838906281,32526838906591,32526839056334,32526839084366,32526895459837,32526838905349,16666666,32526839376437,32526857703342,32526857807187,32526860261492,32526877095143,2364,155523,32526877061890,32526877095143,32526888434481,32526860261492,
0,83299,32526845459839,32526845459839,0,32526858335292,32526858335563,32526858744163,32526858784409,32526912126503,32526858333649,16666666,32526859086257,32526877151850,32526877236089,32526878668317,32526911392702,2825,144522,32526911392702,32526896496953,32526918217914,32526878668317,
0,83307,32526862126505,32526862126505,0,32526877539120,32526877539390,32526877689483,32526877715943,32526928793169,32526877537927,16666666,32526878156894,32526896560212,32526896668667,32526898079545,32526917773807,6302957,151957,32526913470167,32526917773807,32526936722433,32526898079545,
0,83315,32526878793171,32526895459837,0,32526896924980,32526896925210,32526897178588,32526897205839,32526945459835,32526896923307,16666666,32526897514801,32526917835233,32526917924761,32526918730570,32526945740146,3981303,216989,32526945740146,32526936142711,32526947489162,32526918730570,
0,83323,32526912126503,32526912126503,0,32526918501268,32526918501708,32526918650298,32526918678121,32526978793167,32526918499474,16666666,32526919014745,32526936213674,32526936314715,32526937791287,32526962240108,2895,174499,32526962240108,32526952945493,32526964649268,32526937791287,
0,83331,32526928793169,32526928793169,0,32526936583371,32526936583602,32526936922590,32526936949120,32526995459833,32526936581978,16666666,32526937241090,32526953028560,32526953141683,32526954275590,32526979010369,2916,301498,32526979010369,32526972541981,32526984688108,32526954275590,
0,83339,32526945459835,32526945459835,0,32526953909610,32526953910021,32526954090331,32526954121710,32527012126499,32526953906705,16666666,32526954485596,32526972628644,32526972736718,32526974665131,32526995844852,2835,324481,32526995844852,32526991248952,32527002541230,32526974665131,
0,83347,32526962126501,32526962126501,0,32526972998841,32526972999072,32526973178901,32526973203307,32527028793165,32526972997509,16666666,32526973678262,32526991349802,32526991459989,32526993697926,32527012375692,3827,165201,32527012375692,32527009644075,32527019622147,32526993697926,
0,83355,32526978793167,32526978793167,0,32526992241772,32526992242223,32526992374513,32526992401313,32527045459831,32526992240750,16666666,32526992845941,32527009697596,32527009793597,32527011477880,32527027810918,4619,181542,32527027764841,32527027810918,32527033800434,32527011477880,
0,83363,32526995459833,32526995459833,0,32527010223306,32527010223527,32527010355846,32527010382296,32527062126497,32527010221393,16666666,32527010819179,32527027882713,32527027988823,32527030128215,32527060366395,2264,140344,32527060366395,32527046111363,32527066851585,32527030128215,
0,83371,32527012126499,32527012126499,0,32527028270734,32527028271115,32527028405829,32527028433120,32527078793163,32527028269442,16666666,32527028778972,32527046172869,32527046272136,32527048389025,32527067278119,6837745,153599,32527062261786,32527067278119,32527086082373,32527048389025,
0,83379,32527045459831,32527045459831,0,32527047642268,32527047642628,32527047807499,32527047836744,32527095459829,32527047640855,16666666,32527048209657,32527067340747,32527067431989,32527068526081,32527095571625,5601115,216959,32527095571625,32527086456919,32527098081985,32527068526081,
0,83387,32527062126497,32527062126497,0,32527067727646,32527067727957,32527067858002,32527067883540,32527128793161,32527067726273,16666666,32527068200557,32527086520759,32527086643821,32527087713026,32527112500064,3737,310214,32527112500064,32527103465349,32527116809425,32527087713026,
0,83395,32527078793163,32527078793163,0,32527087012115,32527087012566,32527087177477,32527087209387,32527145459827,32527087010041,16666666,32527087508060,32527103525673,32527103659716,32527104844378,32527129117317,3266,184097,32527129117317,32527122941009,32527135203115,32527104844378,
0,83403,32527095459829,32527095459829,0,32527105314874,32527105315295,32527105479395,32527105505534,32527162126493,32527105313352,16666666,32527105895549,32527123012744,32527123114846,32527125025407,32527145619073,3978,256293,32527145619073,32527140712086,32527153516014,32527125025407,
0,83411,32527112126495,32527112126495,0,32527123608136,32527123608547,32527123767135,32527123792173,32527178793159,32527123606082,16666666,32527124154255,32527140808247,32527140952339,32527142425024,32527159160440,2515,140655,32527159128449,32527159160440,32527170574899,32527142425024,
0,83419,32527128793161,32527128793161,0,32527141523525,32527141523836,32527141897370,32527141925713,32527195459825,32527141522163,16666666,32527142226500,32527159217096,32527159312797,32527160970991,32527178274287,3437,375588,32527178223041,32527178274287,32527199720270,32527160970991,
0,83427,32527145459827,32527145459827,0,32527159861381,32527159861601,32527159984232,32527160040097,32527212126491,32527159859707,16666666,32527160315967,32527178344570,32527178449277,32527180622041,32527199851757,5989997,199085,32527195595727,32527199851757,32527218360906,32527180622041,
0,83435,32527162126493,32527178793159,0,32527178925885,32527178926396,32527179165206,32527179189241,32527228793157,32527178923290,16666666,32527179432440,32527199920317,32527200054820,32527201052460,32527218423223,4023943,290196,32527214335931,32527218423223,32527236092148,32527201052460,
0,83442,32527178793159,32527195459825,0,32527200197449,32527200197669,32527200447971,32527200471305,32527245459823,32527200195675,16666666,32527200870587,32527218489408,32527218583685,32527220104501,32527245575067,440310,299294,32527245575067,32527236397644,32527249477471,32527220104501,
0,83451,32527212126491,32527212126491,0,32527219105639,32527219106080,32527219764240,32527219791221,32527278793155,32527219103104,16666666,32527220811403,32527236455783,32527236549379,32527238825208,32527263529240,3887,175921,32527263529240,32527255149259,32527270287154,32527238825208,
0,83459,32527228793157,32527228793157,0,32527236920629,32527236920920,32527237050544,32527237078196,32527295459821,32527236919427,16666666,32527237388200,32527255236012,32527255402326,32527258059352,32527279300839,2605,171564,32527279300839,32527273446798,32527283968084,32527258059352,
0,83467,32527245459823,32527245459823,0,32527256331727,32527256331937,32527256480106,32527256509592,32527312126487,32527256330364,16666666,32527256867096,32527273523032,32527273661863,32527276135675,32527292125716,3286,193695,32527292089027,32527292125716,32527303983871,32527276135675,
0,83475,32527262126489,32527262126489,0,32527274310486,32527274310716,32527274429690,32527274454928,32527328793153,32527274309283,16666666,32527274843981,32527292377270,32527292479543,32527294505350,32527310827497,3968,163438,32527310782062,32527310827497,32527324269347,32527294505350,
0,83483,32527278793155,32527278793155,0,32527293167209,32527293167710,32527293297434,32527293333512,32527345459819,32527293165656,16666666,32527293661480,32527310898782,32527311005823,32527312540064,32527329351023,2525,139954,32527329351023,32527328285775,32527331476388,32527312540064,
0,83491,32527295459821,32527295459821,0,32527311658684,32527311659054,32527311879520,32527311905509,32527362126485,32527311657632,16666666,32527312266008,32527328354535,32527328448592,32527332132885,32527347111420,3226,263186,32527347068840,32527347111420,32527366841168,32527332132885,
0,83499,32527312126487,32527312126487,0,32527328774636,32527328774847,32527328908829,32527328935119,32527378793151,32527328773675,16666666,32527329217792,32527347175841,32527347278715,32527349097813,32527378911764,1984239,198233,32527378911764,32527365712762,32527387488215,32527349097813,
0,83507,32527345459819,32527345459819,0,32527347782234,32527347782795,32527347915665,32527347939200,32527412126483,32527347780781,16666666,32527348228124,32527365783285,32527365879756,32527368942267,32527387748866,4841553,340031,32527382838172,32527387748866,32527407350874,32527368942267,
0,83515,32527362126485,32527362126485,0,32527366584625,32527366584865,32527366737403,32527366762770,32527428793149,32527366583462,16666666,32527367119272,32527387811664,32527387916181,32527389361926,32527412284490,1117185,434810,32527412284490,32527407019699,32527417847072,32527389361926,
0,83523,32527378793151,32527378793151,0,32527388219663,32527388220154,32527388374214,32527388403419,32527445459815,32527388217730,16666666,32527388779328,32527407077679,32527407170524,32527408832706,32527429731457,2715,164970,32527429731457,32527425198696,32527435402363,32527408832706,
0,83531,32527395459817,32527395459817,0,32527408280095,32527408280435,32527408430508,32527408460234,32527462126481,32527408278602,16666666,32527408757464,32527425271663,32527425374878,32527426455714,32527442447970,2875,235103,32527442404498,32527442447970,32527454385755,32527426455714,
0,83539,32527412126483,32527412126483,0,32527426090616,32527426090827,32527426228155,32527426252561,32527478793147,32527426088602,16666666,32527426560582,32527442519665,32527442676330,32527444937441,32527462835708,3056,163007,32527462835708,32527461131216,32527465900513,32527444937441,
0,83547,32527428793149,32527428793149,0,32527444644639,32527444644859,32527444783210,32527444808768,32527495459813,32527444643437,16666666,32527445109164,32527461201699,32527461304923,32527463302818,32527493897390,2755,293714,32527493897390,32527479307647,32527499869163,32527463302818,
0,83555,32527445459815,32527462126481,0,32527463273743,32527463274084,32527463469763,32527463511922,32527512126479,32527463271419,16666666,32527463970115,32527479373361,32527479466867,32527481052776,32527500294845,6332533,178075,32527495587615,32527500294845,32527518781390,32527481052776,
0,83563,32527478793147,32527478793147,0,32527479748718,32527479748949,32527479912827,32527479941822,32527528793145,32527479747275,16666666,32527480265652,32527500359827,32527500454005,32527502397778,32527519304336,3783309,258427,32527515459801,32527519304336,32527537468183,32527502397778,
0,83571,32527495459813,32527495459813,0,32527500677366,32527500678247,32527500811148,32527500839161,32527545459811,32527500675953,16666666,32527501188589,32527519365802,32527519459488,32527520720715,32527545569770,4118080,187052,32527545569770,32527537789208,32527549333973,32527520720715,
0,83579,32527512126479,32527512126479,0,32527519901000,32527519901251,32527520071371,32527520095958,32527578793143,32527519899758,16666666,32527522743216,32527537859230,32527537974447,32527538827084,32527555511614,2735,249640,32527555288544,32527555511614,32527567585876,32527538827084,
0,83587,32527528793145,32527528793145,0,32527538212095,32527538212356,32527538350726,32527538379551,32527595459809,32527538210682,16666666,32527538703080,32527555589210,32527555716700,32527557541930,32527573052938,3156,209755,32527573007272,32527573052938,32527588377255,32527557541930,
0,83595,32527545459811,32527545459811,0,32527557251923,32527557252805,32527557406454,32527557432403,32527612126475,32527557250601,16666666,32527557812550,32527573113843,32527573218601,32527575289202,32527591098834,2836,341223,32527591051474,32527591098834,32527605479753,32527575289202,
0,83603,32527562126477,32527562126477,0,32527574125099,32527574125299,32527574248672,32527574283938,32527628793141,32527574123195,16666666,32527574821040,32527591159408,32527591250469,32527592416647,32527610128422,3096,257005,32527610084259,32527610128422,32527624050928,32527592416647,
0,83611,32527578793143,32527578793143,0,32527593137936,32527593138277,32527593599937,32527593646635,32527645459807,32527593135942,16666666,32527594044144,32527610191030,32527610278105,32527611397253,32527644778907,3086,219583,32527644778907,32527629778210,32527648422964,32527611397253,
0,83619,32527595459809,32527595459809,0,32527610539277,32527610539557,32527610736158,32527610765703,32527662126473,32527610537403,16666666,32527611097559,32527629843703,32527629940596,32527631995669,32527648771761,3929886,264167,32527644791501,32527648771761,32527667535479,32527631995669,
0,83627,32527612126475,32527628793141,0,32527630786380,32527630786630,32527630991997,32527631019519,32527678793139,32527630784817,16666666,32527631357235,32527648830291,32527648925641,32527650207907,32527667394163,3151789,296128,32527664176539,32527667394163,32527687438464,32527650207907,
0,83635,32527645459807,32527645459807,0,32527649172997,32527649173298,32527649316207,32527649342897,32527695459805,32527649171364,16666666,32527649631731,32527667460778,32527667561207,32527670432919,32527695820338,3732955,336804,32527695820338,32527687954035,32527699699919,32527670432919,
0,83643,32527662126473,32527662126473,0,32527668062442,32527668062963,32527668324997,32527668351827,32527728793137,32527668060388,16666666,32527668647224,32527688041720,32527688143753,32527688957506,32527713189879,3998,159670,32527713189879,32527704376792,32527721491192,32527688957506,
0,83651,32527678793139,32527678793139,0,32527688410225,32527688410676,32527688573593,32527688602237,32527745459803,32527688408892,16666666,32527688899437,32527704446513,32527704553435,32527706224313,32527728889282,2565,191090,32527728889282,32527723817465,32527738681505,32527706224313,
0,83659,32527695459805,32527695459805,0,32527705279984,32527705280495,32527705908759,32527705938985,32527762126469,32527705277659,16666666,32527706301899,32527723903668,32527724057818,32527725669856,32527745718615,3887,301078,32527745718615,32527741664536,32527752154122,32527725669856,
0,83667,32527712126471,32527712126471,0,32527724653420,32527724653851,32527724785880,32527724835624,32527778793135,32527724651787,16666666,32527725135429,32527741738595,32527741849294,32527744115915,32527760913318,4007,167656,32527760867882,32527760913318,32527775080324,32527744115915,
0,83675,32527728793137,32527728793137,0,32527742544203,32527742544574,32527742943836,32527742981367,32527795459801,32527742542911,16666666,32527743400287,32527760987397,32527761101082,32527762262690,32527780471382,3867,157718,32527780421088,32527780471382,32527799884304,32527762262690,
0,83683,32527745459803,32527745459803,0,32527761393272,32527761393543,32527761682898,32527761715780,32527812126467,32527761391559,16666666,32527762099353,32527780531285,32527780687560,32527782515204,32527800301750,4532782,160603,32527797471046,32527800301750,32527815851221,32527782515204,
0,83691,32527762126469,32527778793135,0,32527781444206,32527781444426,32527781572087,32527781597885,32527828793133,32527781442903,16666666,32527781908681,32527800355031,32527800455851,32527802678509,32527828935607,3326,159190,32527828935607,32527818969878,32527831131826,32527802678509,
0,83699,32527795459801,32527795459801,0,32527803288128,32527803288428,32527803526898,32527805727014,32527862126465,32527803285122,16666666,32527810520797,32527819032356,32527819124449,32527821800322,32527837749636,4178,266943,32527837703379,32527837749636,32527852221386,32527821800322,
0,83707,32527812126467,32527812126467,0,32527820595912,32527820596133,32527821026323,32527821056229,32527878793131,32527820594169,16666666,32527821369991,32527837815751,32527837927361,32527839842620,32527855791694,5019,1411069,32527855718757,32527855791694,32527868956592,32527839842620,
0,83715,32527828793133,32527828793133,0,32527838870057,32527838870518,32527839012626,32527839041210,32527895459797,32527838869025,16666666,32527839358979,32527855859151,32527855985159,32527857274558,32527873088117,3907,253438,32527873036911,32527873088117,32527889117372,32527857274558,
0,83723,32527845459799,32527845459799,0,32527856293079,32527856293329,32527856446568,32527856474040,32527912126463,32527856291266,16666666,32527856799824,32527873161004,32527873407629,32527876583624,32527895983541,3687,200518,32527895983541,32527893504629,32527903998564,32527876583624,
0,83731,32527862126465,32527862126465,0,32527873785381,32527873785802,32527873991149,32527874029371,32527928793129,32527873782886,16666666,32527874726294,32527893600761,32527893767465,32527895259546,32527912953368,2935,185500,32527912912661,32527912953368,32527934849088,32527895259546,
0,83739,32527878793131,32527878793131,0,32527894078120,32527894078411,32527894214647,32527894246658,32527945459795,32527894076227,16666666,32527894607227,32527913002621,32527913094194,32527914608687,32527934910854,6514746,201189,32527928344851,32527934910854,32527953046749,32527914608687,
0,83747,32527895459797,32527912126463,0,32527913367659,32527913368080,32527913521599,32527913550734,32527962126461,32527913365114,16666666,32527914357214,32527934974083,32527935060406,32527936162793,32527962720238,4542550,196180,32527962720238,32527953239933,32527964733231,32527936162793,
0,83755,32527928793129,32527928793129,0,32527935314545,32527935314765,32527935451162,32527935477652,32527995459793,32527935313052,16666666,32527935835677,32527953299135,32527953404864,32527954564529,32527979720162,3236,174258,32527979720162,32527971290377,32527985064062,32527954564529,
0,83763,32527945459795,32527945459795,0,32527953667549,32527953667819,32527953869249,32527953893194,32528012126459,32527953666226,16666666,32527954178291,32527971372702,32527971480255,32527974773981,32527998772363,2705,160512,32527998772363,32527990176125,32528001645938,32527974773981,
0,83771,32527962126461,32527962126461,0,32527972643727,32527972644058,32527972885703,32527972917473,32528028793125,32527972642385,16666666,32527973261511,32527990247379,32527990355012,32527991723691,32528008826259,2525,175079,32528008786504,32528008826259,32528020745038,32527991723691,
0,83779,32527978793127,32527978793127,0,32527990663874,32527990664194,32527990890371,32527990918263,32528045459791,32527990662331,16666666,32527991303469,32528008901290,32528009011428,32528012209815,32528043425777,2545,157987,32528043425777,32528029002308,32528050089464,32528012209815,
0,83787,32527995459793,32527995459793,0,32528009279212,32528009279873,32528009414647,32528009442400,32528062126457,32528009277980,16666666,32528009840269,32528029053064,32528029145087,32528031435974,32528050290152,6801457,152367,32528045628608,32528050290152,32528070441535,32528031435974,
0,83795,32528012126459,32528028793125,0,32528029695214,32528029695714,32528029861787,32528029887686,32528078793123,32528029692719,16666666,32528030264987,32528050376044,32528050468839,32528051751596,32528078930040,5643554,208183,32528078930040,32528070487271,32528082408866,32528051751596,
0,83803,32528045459791,32528045459791,0,32528050757302,32528050757603,32528050889892,32528050917204,32528112126455,32528050755930,16666666,32528051220375,32528070542926,32528070662581,32528071428635,32528096182661,3156,267524,32528096182661,32528087444435,32528101146645,32528071428635,
0,83811,32528062126457,32528062126457,0,32528071151082,32528071151312,32528071261941,32528071287679,32528128793121,32528071150040,16666666,32528071564100,32528087534014,32528087695127,32528089699544,32528112651094,2415,203704,32528112651094,32528105218728,32528121284682,32528089699544,
0,83819,32528078793123,32528078793123,0,32528089502072,32528089502453,32528089675158,32528089702279,32528145459787,32528089500609,16666666,32528090031630,32528105276377,32528105370614,32528107921571,32528129706071,2945,167416,32528129706071,32528123913376,32528136396258,32528107921571,
0,83827,32528095459789,32528095459789,0,32528105721365,32528105721696,32528105864505,32528105894101,32528162126453,32528105720253,16666666,32528106221007,32528123969732,32528124125295,32528126159699,32528141674765,3436,153209,32528141636934,32528141674765,32528156160081,32528126159699,
0,83835,32528112126455,32528112126455,0,32528125864703,32528125865154,32528126034683,32528126060372,32528178793119,32528125862439,16666666,32528126347292,32528141743975,32528141846288,32528144333245,32528159833022,3165,169109,32528159786705,32528159833022,32528170477390,32528144333245,
0,83843,32528128793121,32528128793121,0,32528142828860,32528142829281,32528143076005,32528143103056,32528195459785,32528142826305,16666666,32528143420194,32528159900569,32528160000718,32528161748942,32528179414621,2225,137699,32528179414621,32528177348377,32528184222381,32528161748942,
0,83851,32528145459787,32528145459787,0,32528161507958,32528161508169,32528161653402,32528161677047,32528212126451,32528161506916,16666666,32528161931827,32528177394885,32528177484444,32528179905516,32528210768524,2875,240403,32528210768524,32528196288107,32528215531879,32528179905516,
0,83859,32528162126453,32528178793119,0,32528179150764,32528179151325,32528182612888,32528182777608,32528228793117,32528179147357,16666666,32528183083855,32528196352739,32528196449631,32528197995544,32528215930390,5093358,153579,32528212704912,32528215930390,32528234531251,32528197995544,
0,83867,32528195459785,32528195459785,0,32528196788570,32528196788941,32528196966856,32528196995109,32528245459783,32528196786837,16666666,32528197336793,32528215990995,32528216126630,32528217510788,32528245733641,4008153,232759,32528245733641,32528234868096,32528253689252,32528217510788,
0,83875,32528212126451,32528212126451,0,32528217358812,32528217359103,32528217501701,32528217529183,32528278793115,32528217357550,16666666,32528217870747,32528234931415,32528235044679,32528237027185,32528263644542,2916,128252,32528263644542,32528253955835,32528265940628,32528237027185,
0,83883,32528228793117,32528228793117,0,32528235347389,32528235347800,32528235488896,32528235561894,32528295459781,32528235345095,16666666,32528235875084,32528254022330,32528254128821,32528257258849,32528279144600,2755,163669,32528279144600,32528273646048,32528289175852,32528257258849,
0,83891,32528245459783,32528245459783,0,32528255417629,32528255418000,32528256226383,32528256256680,32528312126447,32528255415245,16666666,32528257484795,32528273720238,32528273831107,32528275554194,32528295705086,3547,230404,32528295705086,32528292241710,32528301090634,32528275554194,
0,83899,32528262126449,32528262126449,0,32528274729791,32528274730021,32528274883941,32528274912715,32528328793113,32528274728779,16666666,32528275292270,32528292313515,32528292419304,32528294372946,32528313116986,3427,311016,32528313116986,32528311863224,32528333437408,32528294372946,
0,83907,32528278793115,32528278793115,0,32528293245932,32528293246212,32528293374935,32528293400894,32528345459779,32528293244670,16666666,32528293757275,32528311933176,32528312074492,32528313758115,32528332296047,4249337,184788,32528329815723,32528332296047,32528355718283,32528313758115,
0,83915,32528295459781,32528312126447,0,32528312748392,32528312748963,32528312917691,32528312944141,32528362126445,32528312746318,16666666,32528313324688,32528332361651,32528332462000,32528334939548,32528362533065,4252303,201440,32528362533065,32528356055449,32528370699564,32528334939548,
0,83924,32528328793113,32528328793113,0,32528332809044,32528332809324,32528332940361,32528332964897,32528395459777,32528332808012,16666666,32528333275142,32528356121653,32528356250306,32528358002297,32528378930073,2635,179859,32528378930073,32528376447645,32526105841702,32528358002297,
0,83932,32528345459779,32528345459779,0,32528356609693,32528356610034,32528356787648,32528356816242,32528412126443,32528356607298,16666666,32528357174076,32528376520011,32528376650778,32528378976430,32528397910760,2936,194907,32528397866967,32528397910760,32526116559489,32528378976430,
0,83940,32528362126445,32528362126445,0,32528377876858,32528377877179,32528378065594,32528378094639,32528428793109,32528377874995,16666666,32528378447884,32528397989538,32528398103844,32528400987668,32528430197670,3877356,366420,32528430197670,32528419453194,32526135770700,32528400987668,
0,83948,32528378793111,32528395459777,0,32528398745883,32528398746304,32528399900249,32528399934583,32528395459777,32528398744220,16666666,32528400348864,32528419518607,32528419691904,32528420870164,32526143395207,4329,328248,32526143343470,32528440775252,32526155367357,32528420870164,
---PROFILEDATA---


View hierarchy:

  com.takahashirinta.ncrust/com.takahashirinta.ncrust.MainActivity/android.view.ViewRootImpl@46a002e
  7 views, 11.90 kB of render nodes


Total ViewRootImpl   : 1
Total attached Views : 7
Total RenderNode     : 11.90 kB (used) / 35.97 kB (capacity)

