Applications Graphics Acceleration Info:
Uptime: 32468126 Realtime: 32468126

** Graphics info for pid 10821 [com.takahashirinta.ncrust] **

Stats since: 32438087485516ns
Total frames rendered: 1562
Janky frames: 240 (15.36%)
Janky frames (legacy): 1562 (100.00%)
50th percentile: 34ms
90th percentile: 48ms
95th percentile: 48ms
99th percentile: 48ms
Number Missed Vsync: 114
Number High input latency: 2644
Number Slow UI thread: 77
Number Slow bitmap uploads: 0
Number Slow issue draw commands: 240
Number Frame deadline missed: 240
Number Frame deadline missed (legacy): 240
HISTOGRAM: 5ms=0 6ms=0 7ms=0 8ms=0 9ms=0 10ms=0 11ms=0 12ms=0 13ms=0 14ms=0 15ms=0 16ms=0 17ms=0 18ms=0 19ms=0 20ms=1 21ms=6 22ms=9 23ms=10 24ms=10 25ms=8 26ms=19 27ms=23 28ms=38 29ms=49 30ms=67 31ms=100 32ms=387 34ms=285 36ms=110 38ms=37 40ms=18 42ms=15 44ms=43 46ms=119 48ms=198 53ms=6 57ms=1 61ms=3 65ms=0 69ms=0 73ms=0 77ms=0 81ms=0 85ms=0 89ms=0 93ms=0 97ms=0 101ms=0 105ms=0 109ms=0 113ms=0 117ms=0 121ms=0 125ms=0 129ms=0 133ms=0 150ms=0 200ms=0 250ms=0 300ms=0 350ms=0 400ms=0 450ms=0 500ms=0 550ms=0 600ms=0 650ms=0 700ms=0 750ms=0 800ms=0 850ms=0 900ms=0 950ms=0 1000ms=0 1050ms=0 1100ms=0 1150ms=0 1200ms=0 1250ms=0 1300ms=0 1350ms=0 1400ms=0 1450ms=0 1500ms=0 1550ms=0 1600ms=0 1650ms=0 1700ms=0 1750ms=0 1800ms=0 1850ms=0 1900ms=0 1950ms=0 2000ms=0 2050ms=0 2100ms=0 2150ms=0 2200ms=0 2250ms=0 2300ms=0 2350ms=0 2400ms=0 2450ms=0 2500ms=0 2550ms=0 2600ms=0 2650ms=0 2700ms=0 2750ms=0 2800ms=0 2850ms=0 2900ms=0 2950ms=0 3000ms=0 3050ms=0 3100ms=0 3150ms=0 3200ms=0 3250ms=0 3300ms=0 3350ms=0 3400ms=0 3450ms=0 3500ms=0 3550ms=0 3600ms=0 3650ms=0 3700ms=0 3750ms=0 3800ms=0 3850ms=0 3900ms=0 3950ms=0 4000ms=0 4050ms=0 4100ms=0 4150ms=0 4200ms=0 4250ms=0 4300ms=0 4350ms=0 4400ms=0 4450ms=0 4500ms=0 4550ms=0 4600ms=0 4650ms=0 4700ms=0 4750ms=0 4800ms=0 4850ms=0 4900ms=0 4950ms=0
50th gpu percentile: 22ms
90th gpu percentile: 4950ms
95th gpu percentile: 4950ms
99th gpu percentile: 4950ms
GPU HISTOGRAM: 1ms=0 2ms=0 3ms=0 4ms=0 5ms=0 6ms=0 7ms=0 8ms=0 9ms=0 10ms=0 11ms=0 12ms=2 13ms=39 14ms=52 15ms=80 16ms=102 17ms=138 18ms=80 19ms=79 20ms=92 21ms=68 22ms=72 23ms=82 24ms=106 25ms=90 4950ms=480

Pipeline=Skia (OpenGL)
CPU Caches:
  Glyph Cache: 657.47 KB (1 entry)
  Glyph Count: 90 
Total CPU memory usage:
  673252 bytes, 657.47 KB (0.00 bytes is purgeable)
GPU Caches:
  SW Path Mask:
    Texture: 80.96 KB (1 entry)
  Other:
    Other: 16.58 KB (1 entry)
    Buffer Object: 464.00 bytes (2 entries)
    StencilAttachment: 768.00 KB (2 entries)
  Image:
    Texture: 199.48 KB (71 entries)
  Scratch:
    RenderTarget: 960.00 KB (2 entries)
    Buffer Object: 142.00 KB (4 entries)
    Texture: 3.78 MB (23 entries)
Total GPU memory usage:
  6179558 bytes, 5.89 MB (2.99 MB is purgeable)

Profile data in ms:

	com.takahashirinta.ncrust/com.takahashirinta.ncrust.MainActivity/android.view.ViewRootImpl@46a002e (visibility=0)
Window: com.takahashirinta.ncrust/com.takahashirinta.ncrust.MainActivity
Stats since: 32438087484975ns
Total frames rendered: 1562
Janky frames: 240 (15.36%)
Janky frames (legacy): 1562 (100.00%)
50th percentile: 34ms
90th percentile: 48ms
95th percentile: 48ms
99th percentile: 48ms
Number Missed Vsync: 114
Number High input latency: 2644
Number Slow UI thread: 77
Number Slow bitmap uploads: 0
Number Slow issue draw commands: 240
Number Frame deadline missed: 240
Number Frame deadline missed (legacy): 240
HISTOGRAM: 5ms=0 6ms=0 7ms=0 8ms=0 9ms=0 10ms=0 11ms=0 12ms=0 13ms=0 14ms=0 15ms=0 16ms=0 17ms=0 18ms=0 19ms=0 20ms=1 21ms=6 22ms=9 23ms=10 24ms=10 25ms=8 26ms=19 27ms=23 28ms=38 29ms=49 30ms=67 31ms=100 32ms=387 34ms=285 36ms=110 38ms=37 40ms=18 42ms=15 44ms=43 46ms=119 48ms=198 53ms=6 57ms=1 61ms=3 65ms=0 69ms=0 73ms=0 77ms=0 81ms=0 85ms=0 89ms=0 93ms=0 97ms=0 101ms=0 105ms=0 109ms=0 113ms=0 117ms=0 121ms=0 125ms=0 129ms=0 133ms=0 150ms=0 200ms=0 250ms=0 300ms=0 350ms=0 400ms=0 450ms=0 500ms=0 550ms=0 600ms=0 650ms=0 700ms=0 750ms=0 800ms=0 850ms=0 900ms=0 950ms=0 1000ms=0 1050ms=0 1100ms=0 1150ms=0 1200ms=0 1250ms=0 1300ms=0 1350ms=0 1400ms=0 1450ms=0 1500ms=0 1550ms=0 1600ms=0 1650ms=0 1700ms=0 1750ms=0 1800ms=0 1850ms=0 1900ms=0 1950ms=0 2000ms=0 2050ms=0 2100ms=0 2150ms=0 2200ms=0 2250ms=0 2300ms=0 2350ms=0 2400ms=0 2450ms=0 2500ms=0 2550ms=0 2600ms=0 2650ms=0 2700ms=0 2750ms=0 2800ms=0 2850ms=0 2900ms=0 2950ms=0 3000ms=0 3050ms=0 3100ms=0 3150ms=0 3200ms=0 3250ms=0 3300ms=0 3350ms=0 3400ms=0 3450ms=0 3500ms=0 3550ms=0 3600ms=0 3650ms=0 3700ms=0 3750ms=0 3800ms=0 3850ms=0 3900ms=0 3950ms=0 4000ms=0 4050ms=0 4100ms=0 4150ms=0 4200ms=0 4250ms=0 4300ms=0 4350ms=0 4400ms=0 4450ms=0 4500ms=0 4550ms=0 4600ms=0 4650ms=0 4700ms=0 4750ms=0 4800ms=0 4850ms=0 4900ms=0 4950ms=0
50th gpu percentile: 22ms
90th gpu percentile: 4950ms
95th gpu percentile: 4950ms
99th gpu percentile: 4950ms
GPU HISTOGRAM: 1ms=0 2ms=0 3ms=0 4ms=0 5ms=0 6ms=0 7ms=0 8ms=0 9ms=0 10ms=0 11ms=0 12ms=2 13ms=39 14ms=52 15ms=80 16ms=102 17ms=138 18ms=80 19ms=79 20ms=92 21ms=68 22ms=72 23ms=82 24ms=106 25ms=90 4950ms=480



---PROFILEDATA---
Flags,FrameTimelineVsyncId,IntendedVsync,Vsync,InputEventId,HandleInputStart,AnimationStart,PerformTraversalsStart,DrawStart,FrameDeadline,FrameInterval,FrameStartTime,SyncQueued,SyncStart,IssueDrawCommandsStart,SwapBuffers,FrameCompleted,DequeueBufferDuration,QueueBufferDuration,GpuCompleted,SwapBuffersCompleted,DisplayPresentTime,CommandSubmissionCompleted,
0,57430,32465828795613,32465828795613,0,32465840081079,32465840082301,32465840726185,32465840760569,32465895462277,32465840078224,16666666,32465841419782,32465856646164,32465856833958,32465858696377,32465878926689,3607,162827,32465878926689,32465875874357,32465885839264,32465858696377,
0,57438,32465845462279,32465845462279,0,32465857517145,32465857518337,32465857679381,32465857704388,32465912128943,32465857514891,16666666,32465857998252,32465875948827,32465876111013,32465877841794,32465909815014,2915,147318,32465909815014,32465895374142,32465916756133,32465877841794,
0,57446,32465862128945,32465862128945,0,32465876399386,32465876399677,32465876544890,32465876574566,32465928795609,32465876397382,16666666,32465876882216,32465895445336,32465895548410,32465896947436,32465916824302,6945658,152497,32465912239132,32465916824302,32465934316353,32465896947436,
0,57454,32465878795611,32465895462277,0,32465897050220,32465897050471,32465897188942,32465897246119,32465945462275,32465897047505,16666666,32465897593734,32465916894534,32465916994883,32465917854714,32465946134533,4955398,219063,32465946134533,32465934714734,32465952454573,32465917854714,
0,57462,32465912128943,32465912128943,0,32465917254623,32465917254913,32465917464899,32465917491128,32465978795607,32465917252829,16666666,32465917807925,32465934774787,32465934868794,32465935798647,32465962237938,3903356,189647,32465962237938,32465952964854,32465964867784,32465935798647,
0,57470,32465928795609,32465928795609,0,32465935239323,32465935239583,32465935399194,32465935425373,32465995462273,32465935237940,16666666,32465935746929,32465953042290,32465953160783,32465955676344,32465978952936,3517,168929,32465978952936,32465972153433,32465984771290,32465955676344,
0,57478,32465945462275,32465945462275,0,32465953803985,32465953804346,32465953966472,32465954004644,32466012128939,32465953802423,16666666,32465954401642,32465972229526,32465972341517,32465974147090,32465997359701,2815,229463,32465997359701,32465991499077,32466005826766,32465974147090,
0,57486,32465962128941,32465962128941,0,32465973713492,32465973714134,32465973888592,32465973916204,32466028795605,32465973711078,16666666,32465974193086,32465991563829,32465991655792,32465993592382,32466026613506,2555,140976,32466026613506,32466010410644,32466033468624,32465993592382,
0,57494,32465978795607,32465978795607,0,32465991920852,32465991921613,32465992068671,32465992098366,32466045462271,32465991919710,16666666,32465992428659,32466010468923,32466010561909,32466012891488,32466033712433,7026210,300696,32466028922717,32466033712433,32466051520109,32466012891488,
0,57502,32465995462273,32465995462273,0,32466011679825,32466011680046,32466011817775,32466011844646,32466062128937,32466011678753,16666666,32466012196789,32466033765884,32466033841727,32466034767852,32466062325190,4955729,162275,32466062325190,32466051968975,32466070986241,32466034767852,
0,57509,32466012128939,32466028795605,0,32466034059457,32466034059717,32466034199250,32466034246730,32466095462269,32466034057934,16666666,32466034594104,32466052069845,32466052191775,32466053182863,32466079503440,3612447,197051,32466079503440,32466071409839,32466089778272,32466053182863,
0,57518,32466045462271,32466045462271,0,32466052643456,32466052643937,32466052810050,32466052838273,32466112128935,32466052641753,16666666,32466053179166,32466071466386,32466071554101,32466072431685,32466096110114,1434974,284686,32466096110114,32466089951318,32466102546462,32466072431685,
0,57526,32466062128937,32466062128937,0,32466071822116,32466071822356,32466072071305,32466072099519,32466128795601,32466071820833,16666666,32466072629006,32466090109536,32466090214584,32466091204530,32466107291664,3136,287442,32466107245246,32466107291664,32466117889945,32466091204530,
0,57534,32466078795603,32466078795603,0,32466090472600,32466090473091,32466090631009,32466090668269,32466145462267,32466090471047,16666666,32466091133866,32466107369400,32466107472114,32466109202004,32466128905512,3146,243409,32466128905512,32466125729297,32466133483429,32466109202004,
0,57542,32466095462269,32466095462269,0,32466109158221,32466109158562,32466109380129,32466109412160,32466162128933,32466109156548,16666666,32466109900309,32466125788739,32466125892284,32466127991931,32466144729912,2645,154281,32466144691319,32466144729912,32466165256361,32466127991931,
0,57550,32466112128935,32466112128935,0,32466127170443,32466127170934,32466127376381,32466127405095,32466178795599,32466127167497,16666666,32466127805680,32466144786047,32466144876838,32466146186927,32466165767675,5984026,281240,32466162266697,32466165767675,32466184250012,32466146186927,
0,57558,32466128795601,32466128795601,0,32466145332096,32466145332677,32466145626281,32466145653762,32466195462265,32466145329411,16666666,32466146022096,32466165829681,32466165926404,32466166970712,32466196376814,3725721,229232,32466196376814,32466184413681,32466202391097,32466166970712,
0,57565,32466145462267,32466162128933,0,32466166850926,32466166851347,32466167016999,32466167042276,32466228795597,32466166848551,16666666,32466167463169,32466184465518,32466184546401,32466185422241,32466212238763,2975858,186672,32466212238763,32466202882813,32466219754185,32466185422241,
0,57574,32466178795599,32466178795599,0,32466184801822,32466184802133,32466184949641,32466185013651,32466245462263,32466184800339,16666666,32466185372828,32466202939210,32466203025041,32466204777624,32466228929595,1773021,145865,32466228929595,32466221369028,32466233562786,32466204777624,
0,57582,32466195462265,32466195462265,0,32466203289259,32466203289600,32466203917213,32466203944103,32466262128929,32466203287296,16666666,32466204353144,32466221426917,32466221518179,32466222646506,32466238686341,2946,469725,32466238636647,32466238686341,32466253084392,32466222646506,
0,57590,32466212128931,32466212128931,0,32466221745428,32466221745688,32466222293671,32466222331021,32466278795595,32466221744305,16666666,32466222689196,32466238765981,32466238877511,32466240504907,32466257748801,2555,176533,32466257708025,32466257748801,32466270118601,32466240504907,
0,57598,32466228795597,32466228795597,0,32466239277274,32466239277505,32466239467573,32466239491638,32466295462261,32466239275751,16666666,32466239786744,32466257816579,32466257921357,32466259791030,32466275709025,4628,209785,32466275655635,32466275709025,32466289050486,32466259791030,
0,57606,32466245462263,32466245462263,0,32466258212926,32466258213317,32466258361366,32466258391973,32466312128927,32466258211473,16666666,32466258688462,32466275782824,32466275888313,32466277460426,32466294450822,3096,342335,32466294402230,32466294450822,32466301332299,32466277460426,
0,57614,32466262128929,32466262128929,0,32466276625863,32466276626133,32466276769423,32466276796625,32466328795593,32466276624490,16666666,32466277097842,32466294509222,32466294620391,32466296766846,32466328579543,2575,187383,32466328579543,32466314167836,32466331996201,32466296766846,
0,57622,32466278795595,32466295462261,0,32466296447414,32466296447735,32466296647892,32466296680724,32466345462259,32466296445521,16666666,32466297149808,32466314231696,32466314347294,32466315863261,32466346244621,3837682,148870,32466346244621,32466332486325,32466350740964,32466315863261,
0,57630,32466312128927,32466312128927,0,32466315558667,32466315558978,32466315705594,32466315732885,32466378795591,32466315557314,16666666,32466316118241,32466332554143,32466332659131,32466334900945,32466362393271,2262223,199175,32466362393271,32466350894633,32466371066384,32466334900945,
0,57638,32466328795593,32466328795593,0,32466333662892,32466333663133,32466333813686,32466333841228,32466395462257,32466333661750,16666666,32466334188713,32466350957201,32466351083479,32466354782710,32466379381653,3306,189777,32466379381653,32466374144765,32466388185693,32466354782710,
0,57646,32466345462259,32466345462259,0,32466351499052,32466351499423,32466352162783,32466352195324,32466412128923,32466351497239,16666666,32466353044855,32466374228483,32466374377864,32466376355291,32466394084178,2464,174398,32466394050655,32466394084178,32466403510962,32466376355291,
0,57654,32466362128925,32466362128925,0,32466375630104,32466375630535,32466375818639,32466375846732,32466428795589,32466375628701,16666666,32466376270020,32466394145774,32466394246414,32466396137728,32466414728620,3456,415042,32466414682022,32466414728620,32466433848890,32466396137728,
0,57662,32466378795591,32466378795591,0,32466394512025,32466394512415,32466394668660,32466394695390,32466445462255,32466394510622,16666666,32466395013379,32466414803672,32466414913198,32466416731675,32466445608830,3460882,201069,32466445608830,32466433990076,32466449181262,32466416731675,
0,57670,32466395462257,32466412128923,0,32466415468194,32466415468525,32466415588992,32466415612295,32466478795587,32466415465719,16666666,32466415928792,32466434053826,32466434146741,32466435987260,32466463099980,3847,185149,32466463099980,32466454296721,32466468748213,32466435987260,
0,57678,32466428795589,32466428795589,0,32466434450784,32466434451075,32466434597340,32466434627207,32466495462253,32466434449742,16666666,32466434951398,32466454373967,32466454489885,32466457394098,32466475392884,4268,198714,32466475346617,32466475392884,32466486934473,32466457394098,
0,57686,32466445462255,32466445462255,0,32466454756939,32466454757279,32466454926538,32466454954060,32466512128919,32466454755376,16666666,32466455269384,32466475472174,32466475589475,32466476752326,32466512071130,2525,180850,32466512071130,32466494616238,32466516858712,32466476752326,
0,57694,32466462128921,32466462128921,0,32466475838725,32466475838975,32466476215585,32466476244850,32466528795585,32466475836510,16666666,32466476739131,32466494766462,32466494867662,32466496596189,32466528918387,5790171,184798,32466528918387,32466517929049,32466538506534,32466496596189,
0,57702,32466478795587,32466478795587,0,32466495125328,32466495125668,32466495354189,32466495381891,32466562128917,32466495123264,16666666,32466495743923,32466517988611,32466518073230,32466519137676,32466547124704,6310181,190700,32466547124704,32466539044057,32466554368414,32466519137676,
0,57709,32466495462253,32466512128919,0,32466518300028,32466518300268,32466518453076,32466518639818,32466578795583,32466518298334,16666666,32466519129431,32466539099772,32466539199720,32466540421663,32466562344374,2965,289806,32466562344374,32466558614645,32466571096857,32466540421663,
0,57718,32466528795585,32466528795585,0,32466539487302,32466539487733,32466539640100,32466539666059,32466595462249,32466539485249,16666666,32466540130995,32466558707220,32466558810595,32466560828447,32466577429379,3607,137028,32466577201530,32466577429379,32466588617582,32466560828447,
0,57726,32466545462251,32466545462251,0,32466559709398,32466559709899,32466559878207,32466559904296,32466612128915,32466559707104,16666666,32466560238996,32466577481488,32466577571618,32466579132128,32466610382185,3537,189467,32466610382185,32466595226005,32466615186749,32466579132128,
0,57734,32466562128917,32466578795583,0,32466578902876,32466578903147,32466579076313,32466579103194,32466628795581,32466578900932,16666666,32466579473842,32466595294935,32466595399983,32466597487667,32466614239544,3785724,159240,32466612250405,32466614239544,32466635517890,32466597487667,
0,57742,32466595462249,32466595462249,0,32466596872958,32466596873379,32466597048960,32466597077704,32466645462247,32466596870975,16666666,32466597424498,32466614304747,32466614409003,32466615647557,32466645547069,6032958,150554,32466645547069,32466635949373,32466651043596,32466615647557,
0,57750,32466612128915,32466612128915,0,32466614640920,32466614641150,32466614784430,32466614814958,32466678795579,32466614639197,16666666,32466615201466,32466636043841,32466636137007,32466637052271,32466662997161,3477,158158,32466662997161,32466654873042,32466667062352,32466637052271,
0,57758,32466628795581,32466628795581,0,32466636403890,32466636404260,32466636547630,32466636578449,32466695462245,32466636402467,16666666,32466636884846,32466654947743,32466655058472,32466657305747,32466674085496,2565,160272,32466674052464,32466674085496,32466689383323,32466657305747,
0,57766,32466645462247,32466645462247,0,32466655903975,32466655904226,32466656135551,32466656176088,32466712128911,32466655902152,16666666,32466656823658,32466674148965,32466674246519,32466676366835,32466696613597,3166,197472,32466696613597,32466692494776,32466707370708,32466676366835,
0,57774,32466662128913,32466662128913,0,32466675554694,32466675554945,32466675690881,32466675718423,32466728795577,32466675553332,16666666,32466676074083,32466692562523,32466692667772,32466693772714,32466710817593,4699,174409,32466710770805,32466710817593,32466715869122,32466693772714,
0,57782,32466678795579,32466678795579,0,32466693016669,32466693016950,32466693328477,32466693358263,32466745462243,32466693014014,16666666,32466693698023,32466710890921,32466711012881,32466716822899,32466745622829,2985,179779,32466745622829,32466730590823,32466752876848,32466716822899,
0,57790,32466695462245,32466695462245,0,32466711291576,32466711291867,32466711468920,32466711500099,32466778795575,32466711289492,16666666,32466711884734,32466730655806,32466730836276,32466733067831,32466750457509,3777117,257315,32466746624416,32466750457509,32466768772472,32466733067831,
0,57798,32466712128911,32466728795577,0,32466732905284,32466732905465,32466733042864,32466733068923,32466795462241,32466732903832,16666666,32466733413171,32466750525357,32466750702080,32466752689355,32466778908301,2481085,204025,32466778908301,32466769445590,32466783649716,32466752689355,
0,57806,32466745462243,32466745462243,0,32466751659655,32466751659985,32466751836127,32466751863960,32466812128907,32466751658262,16666666,32466752264324,32466769508108,32466769601494,32466770942501,32466795642725,3977,165311,32466795642725,32466788094692,32466799510914,32466770942501,
0,57814,32466762128909,32466762128909,0,32466769843159,32466769843420,32466770010495,32466770037335,32466828795573,32466769841757,16666666,32466770421349,32466788159724,32466788272918,32466789166792,32466812498047,3186,174419,32466812498047,32466805143398,32466818294760,32466789166792,
0,57822,32466778795575,32466778795575,0,32466788522618,32466788523079,32466788681628,32466788708989,32466845462239,32466788520855,16666666,32466789026668,32466805219101,32466805338846,32466806893907,32466828953215,3086,409161,32466828953215,32466824128643,32466839380995,32466806893907,
0,57830,32466795462241,32466795462241,0,32466805662436,32466805662717,32466805827157,32466805858305,32466862128905,32466805661274,16666666,32466806189359,32466824206159,32466824375248,32466826585223,32466845594854,2965,163118,32466845594854,32466843103329,32466856728664,32466826585223,
0,57838,32466812128907,32466812128907,0,32466825231572,32466825232804,32466825542427,32466825569308,32466878795571,32466825230189,16666666,32466825960155,32466843173130,32466843270714,32466844455777,32466863555929,2555,119796,32466863555929,32466861925296,32466867040566,32466844455777,
0,57846,32466828795573,32466828795573,0,32466843632666,32466843633798,32466843786045,32466844258716,32466895462237,32466843631013,16666666,32466844613014,32466861989347,32466862084466,32466864111827,32466881594310,3166,179718,32466881553714,32466881594310,32466900299047,32466864111827,
0,57854,32466845462239,32466862128905,0,32466862819722,32466862819962,32466862955798,32466862979964,32466912128903,32466862817999,16666666,32466863267516,32466881664753,32466881789508,32466883967673,32466912234468,5511656,264519,32466912234468,32466902615232,32466921899250,32466883967673,
0,57862,32466862128905,32466878795571,0,32466882523521,32466882523952,32466882890823,32466882920900,32466945462235,32466882520536,16666666,32466883425681,32466902688209,32466902785202,32466903693393,32466930096797,6086229,330102,32466930096797,32466922107943,32466935604305,32466903693393,
0,57870,32466895462237,32466895462237,0,32466903023872,32466903024092,32466903184695,32466903216164,32466962128901,32466903022138,16666666,32466903537670,32466922231406,32466922362403,32466923509344,32466946404828,2885,176894,32466946404828,32466938670243,32466950401248,32466923509344,
0,57878,32466912128903,32466912128903,0,32466922624456,32466922624787,32466922809365,32466922849160,32466978795567,32466922622713,16666666,32466923250656,32466938738551,32466938849380,32466941141560,32466962231691,2955,259499,32466962231691,32466958785277,32466970199656,32466941141560,
0,57886,32466928795569,32466928795569,0,32466939522228,32466939522529,32466939673283,32466939700514,32466995462233,32466939520465,16666666,32466940159880,32466958843847,32466958935370,32466961162326,32466979191851,2445,160983,32466979191851,32466977488260,32466983071481,32466961162326,
0,57894,32466945462235,32466945462235,0,32466959838652,32466959838902,32466959982202,32466960029461,32467012128899,32466959837299,16666666,32466960350316,32466977554084,32466977647751,32466979634374,32466996622326,2635,286270,32466996582080,32466996622326,32467015513905,32466979634374,
0,57902,32466962128901,32466962128901,0,32466977985447,32466977985988,32466978154646,32466978180845,32467028795565,32466977984055,16666666,32466978633609,32466996691947,32466996805521,32466998942368,32467015879113,3906612,133652,32467012337169,32467015879113,32467035251869,32466998942368,
0,57910,32466978795567,32466995462233,0,32466997283512,32466997283873,32466997443383,32466997468380,32467045462231,32466997281578,16666666,32466997768957,32467015942262,32467016065665,32467018325383,32467045652828,4086050,208763,32467045652828,32467035981023,32467047630555,32467018325383,
0,57918,32467012128899,32467012128899,0,32467017184703,32467017184944,32467017393046,32467017421460,32467078795563,32467017183090,16666666,32467017798991,32467036097843,32467036198553,32467038417955,32467062695813,4098,332016,32467062695813,32467054749780,32467067691748,32467038417955,
0,57926,32467028795565,32467028795565,0,32467036683627,32467036684588,32467036879125,32467036905966,32467095462229,32467036681893,16666666,32467037311149,32467054829841,32467054940870,32467056831132,32467073647160,3386,238780,32467073604840,32467073647160,32467086620667,32467056831132,
0,57934,32467045462231,32467045462231,0,32467055334362,32467055334943,32467055482090,32467055507408,32467112128895,32467055333029,16666666,32467055893455,32467073722321,32467074014462,32467076089963,32467096486969,2545,267855,32467096486969,32467092234565,32467105297050,32467076089963,
0,57942,32467062128897,32467062128897,0,32467074876376,32467074876667,32467075024385,32467075053740,32467128795561,32467074875234,16666666,32467075432825,32467092297815,32467092411769,32467094432096,32467112751958,3246,155803,32467112751958,32467110935555,32467132801759,32467094432096,
0,57950,32467078795563,32467078795563,0,32467093041215,32467093041446,32467093217598,32467093241072,32467145462227,32467093039202,16666666,32467093573258,32467111008813,32467111123630,32467112772416,32467132585652,6244246,221427,32467126270271,32467132585652,32467150328035,32467112772416,
0,57958,32467095462229,32467095462229,0,32467111565592,32467111566444,32467111696339,32467111722368,32467162128893,32467111563929,16666666,32467112068580,32467132665793,32467132878704,32467133882927,32467162375587,4337734,140816,32467162375587,32467150733700,32467169701222,32467133882927,
0,57966,32467112128895,32467128795561,0,32467133726121,32467133726352,32467133881374,32467133912452,32467195462225,32467133723787,16666666,32467134390653,32467150792320,32467150883732,32467152532459,32467179424344,3201694,1864393,32467179424344,32467170315339,32467186217094,32467152532459,
0,57975,32467145462227,32467145462227,0,32467151154803,32467151155154,32467151334031,32467151363617,32467212128891,32467151153290,16666666,32467151894597,32467170395730,32467170514113,32467172699411,32467196423907,3056,160913,32467196423907,32467189205525,32467200555112,32467172699411,
0,57983,32467162128893,32467162128893,0,32467171001792,32467171002133,32467171214784,32467171249780,32467228795557,32467171000260,16666666,32467171606181,32467189271549,32467189588777,32467191360386,32467206125358,3927,227719,32467206083009,32467206125358,32467217457783,32467191360386,
0,57991,32467178795559,32467178795559,0,32467191339356,32467191339536,32467191462698,32467191495320,32467245462223,32467191338434,16666666,32467191832846,32467206179891,32467206288305,32467208154061,32467228892681,3326,155684,32467228892681,32467224242217,32467237259286,32467208154061,
0,57999,32467195462225,32467195462225,0,32467206693930,32467206694311,32467206828353,32467206858310,32467262128889,32467206692377,16666666,32467207197739,32467224311107,32467224441333,32467226557300,32467242130616,2545,236676,32467242090109,32467242130616,32467253655273,32467226557300,
0,58007,32467212128891,32467212128891,0,32467224978775,32467224979757,32467225198610,32467225222104,32467278795555,32467224976291,16666666,32467225551775,32467242208382,32467242314061,32467243903006,32467260303300,20288,327457,32467260240151,32467260303300,32467271643359,32467243903006,
0,58015,32467228795557,32467228795557,0,32467242671425,32467242671735,32467242828471,32467242854099,32467295462221,32467242668940,16666666,32467243171958,32467260369785,32467260452942,32467262612682,32467279764472,2985,277914,32467279716331,32467279764472,32467298319637,32467262612682,
0,58023,32467245462223,32467245462223,0,32467260716368,32467260716609,32467260856132,32467260883884,32467312128887,32467260715096,16666666,32467261179070,32467279819215,32467279918983,32467282024461,32467300410888,5564225,163809,32467295820097,32467300410888,32467319509497,32467282024461,
0,58031,32467262128889,32467278795555,0,32467281612214,32467281612434,32467281954970,32467281979676,32467328795553,32467281610080,16666666,32467282377526,32467300478886,32467300586018,32467301758357,32467320185190,5870212,170922,32467314082821,32467320185190,32467335109393,32467301758357,
0,58039,32467295462221,32467295462221,0,32467301071813,32467301072154,32467301246592,32467301273513,32467345462219,32467301070821,16666666,32467301591923,32467320260672,32467320372483,32467321307174,32467336529228,3236,263887,32467336482180,32467336529228,32467348925517,32467321307174,
0,58047,32467312128887,32467312128887,0,32467320636500,32467320636761,32467320805288,32467320832419,32467362128885,32467320634907,16666666,32467321140640,32467336595253,32467336703406,32467339460542,32467362245497,3597,156866,32467362245497,32467354625719,32467367097029,32467339460542,
0,58055,32467328795553,32467328795553,0,32467337037907,32467337038167,32467337205372,32467337233696,32467395462217,32467337035622,16666666,32467337645552,32467354689880,32467354790179,32467356182061,32467379705008,2835,153820,32467379705008,32467373331998,32467383225431,32467356182061,
0,58063,32467345462219,32467345462219,0,32467358139019,32467358139340,32467358352481,32467358375565,32467412128883,32467358137937,16666666,32467358784195,32467373402561,32467373498933,32467375788427,32467395597084,3055,321476,32467395597084,32467391648013,32467406183864,32467375788427,
0,58071,32467362128885,32467362128885,0,32467373779411,32467373779782,32467373940164,32467373968207,32467428795549,32467373777939,16666666,32467374380584,32467391714167,32467391825788,32467394174163,32467412277326,3106,167887,32467412277326,32467410465662,32467416255072,32467394174163,
0,58079,32467378795551,32467378795551,0,32467393597135,32467393597416,32467393716350,32467393742730,32467445462215,32467393595893,16666666,32467394025583,32467410532258,32467410632987,32467412643195,32467443947715,2775,150784,32467443947715,32467428887135,32467450753109,32467412643195,
0,58087,32467395462217,32467412128883,0,32467412475930,32467412476181,32467413008474,32467413054270,32467462128881,32467412473325,16666666,32467414182085,32467429004667,32467429107801,32467430948770,32467451018749,7008837,180690,32467445842626,32467451018749,32467470164046,32467430948770,
0,58095,32467428795549,32467428795549,0,32467429617371,32467429617582,32467429754940,32467429779437,32467478795547,32467429616329,16666666,32467430096754,32467451077460,32467451160957,32467452024194,32467478878988,4716478,989604,32467478878988,32467470948835,32467482524328,32467452024194,
0,58103,32467445462215,32467445462215,0,32467451412251,32467451412591,32467451551293,32467451580688,32467512128879,32467451410618,16666666,32467451888949,32467471031831,32467471124576,32467472519014,32467496185330,2524,179057,32467496185330,32467489215837,32467503463625,32467472519014,
0,58111,32467462128881,32467462128881,0,32467471629808,32467471630199,32467471774852,32467471804668,32467528795545,32467471627634,16666666,32467472204802,32467489272935,32467489443776,32467491368423,32467507783245,2885,191361,32467507743730,32467507783245,32467521778678,32467491368423,
0,58119,32467478795547,32467478795547,0,32467490350575,32467490350876,32467490479168,32467490502882,32467545462211,32467490349473,16666666,32467490831782,32467507855631,32467507968855,32467509680189,32467528927428,3897,316115,32467528927428,32467526576228,32467538680958,32467509680189,
0,58127,32467495462213,32467495462213,0,32467508265995,32467508266526,32467508415957,32467508443840,32467562128877,32467508263931,16666666,32467508786145,32467526654886,32467526768089,32467528321096,32467546383783,3306,151626,32467546383783,32467544566468,32467567480747,32467528321096,
0,58135,32467512128879,32467512128879,0,32467527622199,32467527622469,32467527783443,32467527810814,32467578795543,32467527621017,16666666,32467528258398,32467544630810,32467544727432,32467546711801,32467567362645,7291570,234482,32467559985343,32467567362645,32467587517234,32467546711801,
0,58143,32467528795545,32467545462211,0,32467546717371,32467546717632,32467546992780,32467547029039,32467595462209,32467546715147,16666666,32467547515525,32467567432737,32467567526033,32467568368370,32467596485343,6545725,181081,32467596485343,32467587866722,32467600981676,32467568368370,
0,58152,32467562128877,32467562128877,0,32467567733504,32467567733714,32467567867316,32467567890099,32467628795541,32467567732572,16666666,32467568191557,32467587949158,32467588066739,32467588887816,32467604853802,3146,185840,32467604652283,32467604853802,32467618714060,32467588887816,
0,58160,32467578795543,32467578795543,0,32467588301021,32467588301261,32467588446385,32467588472614,32467645462207,32467588299848,16666666,32467588742202,32467604934985,32467605054651,32467606757520,32467629379528,3426,170221,32467629379528,32467623753597,32467636508662,32467606757520,
0,58168,32467595462209,32467595462209,0,32467605433024,32467605433304,32467605587725,32467605617531,32467662128873,32467605431922,16666666,32467605921003,32467623823949,32467623922445,32467625484198,32467646060441,2334,159931,32467646060441,32467641791577,32467654700682,32467625484198,
0,58176,32467612128875,32467612128875,0,32467624188947,32467624189318,32467624317429,32467624353257,32467678795539,32467624187604,16666666,32467624648242,32467641860697,32467641963962,32467643843223,32467674951412,2866,147758,32467674951412,32467660795217,32467680517251,32467643843223,
0,58184,32467628795541,32467628795541,0,32467643695164,32467643695735,32467643835819,32467643861097,32467695462205,32467643693220,16666666,32467644254177,32467660857604,32467660954036,32467662857042,32467681594901,6397195,166945,32467678876940,32467681594901,32467701485152,32467662857042,
0,58192,32467645462207,32467662128873,0,32467662834379,32467662835281,32467662985123,32467663015020,32467712128871,32467662830552,16666666,32467663454698,32467681656157,32467681754793,32467683893473,32467712286786,4337724,156646,32467712286786,32467700913555,32467720971051,32467683893473,
0,58200,32467678795539,32467678795539,0,32467683472139,32467683472569,32467683658079,32467683686342,32467745462203,32467683470445,16666666,32467683990606,32467701040634,32467701133980,32467703492535,32467729326405,2664882,155944,32467729326405,32467721268120,32467732215580,32467703492535,
0,58208,32467695462205,32467695462205,0,32467701444004,32467701444335,32467701705657,32467701740172,32467762128869,32467701442742,16666666,32467702271674,32467721327192,32467721452538,32467722415312,32467746465742,3446,178756,32467746465742,32467737787970,32467755746020,32467722415312,
0,58216,32467712128871,32467712128871,0,32467721722707,32467721722998,32467721848133,32467721876657,32467778795535,32467721721294,16666666,32467722174058,32467737861939,32467737978168,32467740184376,32467762267469,3896122,173297,32467762267469,32467756211978,32467768060675,32467740184376,
0,58224,32467728795537,32467728795537,0,32467738432164,32467738432485,32467738577989,32467738606943,32467795462201,32467738430801,16666666,32467739738115,32467756274636,32467756394001,32467757474988,32467779428807,2514,179889,32467779428807,32467774116707,32467785961617,32467757474988,
0,58232,32467745462203,32467745462203,0,32467756825915,32467756826396,32467757044517,32467757072439,32467812128867,32467756824402,16666666,32467757424613,32467774173294,32467774276478,32467776742565,32467795595772,2745,174649,32467795595772,32467792888811,32467805587069,32467776742565,
0,58240,32467762128869,32467762128869,0,32467775560287,32467775560638,32467775712955,32467775739896,32467828795533,32467775558835,16666666,32467776079285,32467792960516,32467793212992,32467794970834,32467827797482,3326,141477,32467827797482,32467812348921,32467831865187,32467794970834,
0,58248,32467778795535,32467778795535,0,32467793653091,32467793653401,32467793781994,32467793808143,32467845462199,32467793652039,16666666,32467794125972,32467812419504,32467812545090,32467814626853,32467833533591,5637012,165703,32467829704846,32467833533591,32467853461062,32467814626853,
0,58256,32467795462201,32467812128867,0,32467814083519,32467814083850,32467814285550,32467814313363,32467862128865,32467814081245,16666666,32467814696194,32467833602741,32467833695105,32467834506264,32467862392221,5343409,225715,32467862392221,32467853759855,32467865781368,32467834506264,
0,58264,32467828795533,32467828795533,0,32467833906914,32467833907115,32467834046137,32467834070452,32467895462197,32467833906103,16666666,32467834408329,32467853818385,32467853897804,32467854739641,32467870464933,5651,357754,32467870412184,32467870464933,32467882073187,32467854739641,
0,58272,32467845462199,32467845462199,0,32467854187671,32467854187981,32467854348544,32467854375475,32467912128863,32467854186448,16666666,32467854680920,32467870538141,32467870656234,32467873150744,32467889090090,4078,303192,32467889037982,32467889090090,32467901017335,32467873150744,
0,58280,32467862128865,32467862128865,0,32467871300798,32467871301029,32467871979988,32467872039550,32467928795529,32467871298875,16666666,32467872398527,32467889166003,32467889304684,32467890759506,32467905404232,4068,243048,32467905291840,32467905404232,32467918596291,32467890759506,
0,58288,32467878795531,32467878795531,0,32467889606253,32467889606563,32467889760493,32467889786552,32467945462195,32467889605120,16666666,32467890087089,32467905473683,32467905578380,32467908378296,32467929856098,4609,182955,32467929856098,32467923885457,32467937742479,32467908378296,
0,58296,32467895462197,32467895462197,0,32467906227363,32467906227593,32467907354537,32467907382610,32467962128861,32467906225309,16666666,32467907772805,32467923952754,32467924095012,32467926016183,32467942057621,2465,301559,32467942018918,32467942057621,32467954020994,32467926016183,
0,58304,32467912128863,32467912128863,0,32467924676899,32467924677300,32467925197299,32467925225543,32467978795527,32467924674725,16666666,32467925691180,32467942133564,32467942291020,32467944144914,32467962226877,2585,161675,32467962226877,32467961040752,32467965011054,32467944144914,
0,58312,32467928795529,32467928795529,0,32467943614084,32467943614394,32467943806677,32467943838587,32467995462193,32467943612531,16666666,32467944184038,32467961109672,32467961201455,32467965761367,32467995576931,2395,192734,32467995576931,32467980222548,32467999864080,32467965761367,
0,58320,32467945462195,32467945462195,0,32467962111860,32467962112131,32467962257515,32467962283113,32468028795525,32467962110057,16666666,32467962722591,32467980271630,32467980377610,32467982301676,32468000292537,3620823,385957,32467996615809,32468000292537,32468020875954,32467982301676,
0,58328,32467978795527,32467978795527,0,32467983658763,32467983659384,32467983813514,32467983841217,32468045462191,32467983656138,16666666,32467984190645,32468000355676,32468000445836,32468001636580,32468021533062,1232412,1149606,32468020230428,32468021533062,32468036549058,32468001636580,
0,58336,32467995462193,32467995462193,0,32468001551259,32468001551519,32468001718364,32468001749953,32468062128857,32468001549456,16666666,32468002286735,32468021591853,32468021684858,32468022544258,32468046637418,1751160,152608,32468046637418,32468038893175,32468051538975,32468022544258,
0,58344,32468012128859,32468012128859,0,32468021899933,32468021900314,32468022031251,32468022058953,32468078795523,32468021898371,16666666,32468022415615,32468038956885,32468039048257,32468040057519,32468062622049,3517,215015,32468062622049,32468055457709,32468070926568,32468040057519,
0,58352,32468028795525,32468028795525,0,32468039307576,32468039308057,32468039498776,32468039533111,32468095462189,32468039305823,16666666,32468039904902,32468055536427,32468055641666,32468057683303,32468073114882,3657,172815,32468073063775,32468073114882,32468085739942,32468057683303,
0,58360,32468045462191,32468045462191,0,32468057419275,32468057419606,32468057716756,32468057744208,32468112128855,32468057417432,16666666,32468058225735,32468073204010,32468073322613,32468074934070,32468091623318,3236,195739,32468091581420,32468091623318,32465820722881,32468074934070,
0,58368,32468062128857,32468062128857,0,32468074440369,32468074440660,32468074589270,32468074619527,32468128795521,32468074439057,16666666,32468074951252,32468091696647,32468091964982,32468093865003,32468113416625,2515,139242,32468113416625,32468111972815,32465835847421,32468093865003,
0,58376,32468078795523,32468078795523,0,32468092483329,32468092484121,32468092677545,32468092711068,32468145462187,32468092481255,16666666,32468093024839,32468112072342,32468112166379,32468113249440,32468131367962,3006,277483,32468131305735,32468131367962,32465849186006,32468113249440,
0,58384,32468095462189,32468112128855,0,32468112694334,32468112694635,32468112845629,32468112875626,32468112128855,32468112691799,16666666,32468113252636,32468131429268,32468131521532,32468132695183,32465862248751,3704741,135725,32465862248751,32468149044371,32465870627279,32468132695183,
---PROFILEDATA---


View hierarchy:

  com.takahashirinta.ncrust/com.takahashirinta.ncrust.MainActivity/android.view.ViewRootImpl@46a002e
  7 views, 11.90 kB of render nodes


Total ViewRootImpl   : 1
Total attached Views : 7
Total RenderNode     : 11.90 kB (used) / 35.97 kB (capacity)

